[{"id": 0, "img_name": "0000", "width": 1554, "height": 1162, "position": [0.7424732467025699, 0.047964450867498544, -1.9051852784418235], "rotation": [[0.9702626880002987, -0.01474287087206129, -0.24160497518239343], [0.0074799122576885094, 0.999492914736823, -0.03095099842504754], [0.24193876743311, 0.028223414912794325, 0.9698809574703524]], "fy": 2883.17529296875, "fx": 2892.3303222656255}, {"id": 1, "img_name": "0008", "width": 1554, "height": 1162, "position": [1.4938910560077099, -0.2495467304257997, -1.4989142026011149], "rotation": [[0.39938775926526954, 0.6475389149196351, -0.6489859562531141], [-0.7781769317996768, 0.6137046205325533, 0.13344400155809205], [0.4846958639847343, 0.45172999944845005, 0.7490059592782925]], "fy": 2883.17529296875, "fx": 2892.3303222656255}, {"id": 2, "img_name": "0016", "width": 1554, "height": 1162, "position": [1.775857401077078, -0.4767896882664014, -1.1138690187678884], "rotation": [[0.03548629198350641, 0.5967745011860222, -0.8016239254260291], [-0.8824023522570524, 0.3952708799318519, 0.25519996122476224], [0.46915542394017157, 0.6982987370832583, 0.5406219214714143]], "fy": 2883.17529296875, "fx": 2892.3303222656255}, {"id": 3, "img_name": "0024", "width": 1554, "height": 1162, "position": [1.7942156257140718, 0.3496055853321898, -1.1360553252963992], "rotation": [[0.4815131278348078, 0.33113478424428294, -0.8114769635585671], [-0.7536690186942412, 0.6290335796408878, -0.19052497459553747], [0.44735681282752293, 0.7033253232663126, 0.5524539543429275]], "fy": 2883.17529296875, "fx": 2892.3303222656255}, {"id": 4, "img_name": "0032", "width": 1554, "height": 1162, "position": [1.8500869699678566, 0.6317181942223562, -0.885761096990809], "rotation": [[0.5154687530350454, 0.16499880744737935, -0.8408729738702738], [-0.7449108874203451, 0.5713160728789533, -0.34453695690419733], [0.42355605821086983, 0.803973468723386, 0.41740499175471907]], "fy": 2883.17529296875, "fx": 2892.3303222656255}, {"id": 5, "img_name": "0040", "width": 1554, "height": 1162, "position": [2.06567607678712, -0.5243211507309499, -0.00526291886513466], "rotation": [[-0.2838756207456642, 0.04851553214917766, -0.9576329542609452], [-0.887829035719942, 0.36393572702774185, 0.28162100405578167], [0.36217983831083345, 0.9301596796964868, -0.060238982296080594]], "fy": 2883.17529296875, "fx": 2892.3303222656255}, {"id": 6, "img_name": "0048", "width": 1554, "height": 1162, "position": [0.755112169026669, 1.54850906510614, -1.00366591096512], "rotation": [[0.9629555724457342, -0.09971568393012914, -0.2505460992992211], [-0.16514918030372228, 0.5164091948361971, -0.8402662028986047], [0.21317202851386768, 0.8505165053465905, 0.48081114836524474]], "fy": 2883.17529296875, "fx": 2892.3303222656255}, {"id": 7, "img_name": "0056", "width": 1554, "height": 1162, "position": [2.689799358604017, 0.4671373074286213, -0.9738146631826488], "rotation": [[0.28580403723348086, 0.19933013100367744, -0.9373278781595582], [-0.8522925668310738, 0.5000222475934794, -0.15354195659840045], [0.43807925404604914, 0.8427604943194846, 0.312795966068674]], "fy": 2883.17529296875, "fx": 2892.3303222656255}, {"id": 8, "img_name": "0001", "width": 1554, "height": 1162, "position": [1.0630873398148948, -0.14377239051164226, -1.788429298864977], "rotation": [[0.8022554517300649, 0.4279930039019838, -0.41618286699520224], [-0.43934759260368345, 0.8952822763121703, 0.07377898477647112], [0.40417803384491047, 0.12365934793720773, 0.9062827829242964]], "fy": 2883.17529296875, "fx": 2892.3303222656255}, {"id": 9, "img_name": "0002", "width": 1554, "height": 1162, "position": [1.2348866415525386, -0.46583281916310365, -1.6366349299289402], "rotation": [[0.423494347015298, 0.7491760118742592, -0.5093013266017147], [-0.7608595283763907, 0.5992920352517943, 0.2488811655441569], [0.4916760276085692, 0.2821070004731218, 0.8238144962059818]], "fy": 2883.17529296875, "fx": 2892.3303222656255}, {"id": 10, "img_name": "0003", "width": 1554, "height": 1162, "position": [1.2083468062204865, -0.8351015660538392, -1.488605406835754], "rotation": [[-0.06928992283658436, 0.8659440919576391, -0.4953178133248994], [-0.8737050249494945, 0.1869678662144926, 0.4490907997066992], [0.4814960394139325, 0.46387912930725755, 0.7436247154457938]], "fy": 2883.17529296875, "fx": 2892.3303222656255}, {"id": 11, "img_name": "0004", "width": 1554, "height": 1162, "position": [0.989308810310767, -1.1472048420627015, -1.387621485663692], "rotation": [[-0.5462872951964373, 0.7481358540221014, -0.3766469633935485], [-0.7487468801147746, -0.23462486203243332, 0.6199429680500074], [0.37543082002594236, 0.6206802059377132, 0.6883369678665864]], "fy": 2883.17529296875, "fx": 2892.3303222656255}, {"id": 12, "img_name": "0005", "width": 1554, "height": 1162, "position": [1.213322234297024, -1.2461245183780911, -1.1278958738938833], "rotation": [[-0.5951046556206029, 0.6311270258336115, -0.49752299054526455], [-0.7244323432482814, -0.1532691886429717, 0.6720910175478684], [0.34791985990237434, 0.7603862394041234, 0.5484200379365869]], "fy": 2883.17529296875, "fx": 2892.3303222656255}, {"id": 13, "img_name": "0006", "width": 1554, "height": 1162, "position": [1.432085580662629, -0.9496500554228317, -1.2217128932513441], "rotation": [[-0.28523601266536724, 0.7346833052866142, -0.6155329869405035], [-0.8534112778885306, 0.09764207354931967, 0.5120109532477353], [0.4362678166578734, 0.671346755712817, 0.5991359826804326]], "fy": 2883.17529296875, "fx": 2892.3303222656255}, {"id": 14, "img_name": "0007", "width": 1554, "height": 1162, "position": [1.5311360481347727, -0.6038213512465553, -1.3498083499558333], "rotation": [[0.060403419625075463, 0.7407434259627242, -0.6690669651018519], [-0.8726902668962012, 0.3645560090660244, 0.3248239743591745], [0.48452360619709123, 0.5642677495186647, 0.6684600076974745]], "fy": 2883.17529296875, "fx": 2892.3303222656255}, {"id": 15, "img_name": "0009", "width": 1554, "height": 1162, "position": [1.3260862741443988, 0.06039341693769397, -1.646074204725681], "rotation": [[0.6859120933443088, 0.46662359065351827, -0.5583789258645476], [-0.5816594978695148, 0.8126622412335919, -0.035387995300376784], [0.4372605959175971, 0.3490594595750318, 0.828830902500006]], "fy": 2883.17529296875, "fx": 2892.3303222656255}, {"id": 16, "img_name": "0010", "width": 1554, "height": 1162, "position": [1.051904261024999, 0.2903305398586183, -1.7733505796419775], "rotation": [[0.8850515992391935, 0.22057497429899964, -0.40991504900057213], [-0.30796220427992943, 0.9377976711111772, -0.1602960036728913], [0.34906009141578026, 0.2681085764600756, 0.8979280838738474]], "fy": 2883.17529296875, "fx": 2892.3303222656255}, {"id": 17, "img_name": "0011", "width": 1554, "height": 1162, "position": [0.722708667005684, 0.7553880266898665, -1.742673243332961], "rotation": [[0.9710187928855621, -0.058607768142197314, -0.23170592002893714], [-0.043489549149874206, 0.9099561210624638, -0.41241789104704835], [0.23501311235292052, 0.4105423087263295, 0.8810356688397178]], "fy": 2883.17529296875, "fx": 2892.3303222656255}, {"id": 18, "img_name": "0012", "width": 1554, "height": 1162, "position": [1.0725422643893368, 0.6477397170758173, -1.6579950966584143], "rotation": [[0.897990765986762, 0.12880769526693142, -0.42073882854156686], [-0.2933246221033847, 0.8879781735530485, -0.3541968793782617], [0.3279836128077365, 0.44147858490918174, 0.8351786687866083]], "fy": 2883.17529296875, "fx": 2892.3303222656255}, {"id": 19, "img_name": "0013", "width": 1554, "height": 1162, "position": [1.373068055881625, 0.45406239181844377, -1.5431526925790955], "rotation": [[0.75461929536317, 0.2998399937197683, -0.5836486076670809], [-0.5177243918665526, 0.8185519139133027, -0.24886586406190303], [0.4031267457413375, 0.4899681034465394, 0.7729295469012686]], "fy": 2883.17529296875, "fx": 2892.3303222656255}, {"id": 20, "img_name": "0014", "width": 1554, "height": 1162, "position": [1.6013361738800973, 0.18987526087917764, -1.4069652983232999], "rotation": [[0.5523625024354101, 0.44114771978936185, -0.7073078221170316], [-0.6994106182259038, 0.706922364072064, -0.10528797788742583], [0.4535641663713641, 0.5528557320851534, 0.6990208054732266]], "fy": 2883.17529296875, "fx": 2892.3303222656255}, {"id": 21, "img_name": "0015", "width": 1554, "height": 1162, "position": [1.7408818505597927, -0.12885699636365758, -1.2590744387321464], "rotation": [[0.30679901824636, 0.5421411151448252, -0.782277044065972], [-0.8241403246315021, 0.5624583775818625, 0.06658302189192986], [0.4760956707630849, 0.6242784512999822, 0.6193620326780969]], "fy": 2883.17529296875, "fx": 2892.3303222656255}, {"id": 22, "img_name": "0017", "width": 1554, "height": 1162, "position": [1.7058816241307302, -0.8222255285014533, -0.9837744495795169], "rotation": [[-0.2378676450881216, 0.5998026054648038, -0.7639737023601428], [-0.8699717634842696, 0.21821183495376512, 0.44219082512664243], [0.43193531247201983, 0.7698184393503078, 0.4699057951078651]], "fy": 2883.17529296875, "fx": 2892.3303222656255}, {"id": 23, "img_name": "0018", "width": 1554, "height": 1162, "position": [1.5385978515949446, -1.1400455840061436, -0.8751007675400472], "rotation": [[-0.493863279934693, 0.5499113414426375, -0.6735700240397476], [-0.7876439062988244, 0.045274289598151725, 0.614465064565685], [0.3683967122579623, 0.833995057092152, 0.41077500793424915]], "fy": 2883.17529296875, "fx": 2892.3303222656255}, {"id": 24, "img_name": "0019", "width": 1554, "height": 1162, "position": [1.5765835514216309, -1.27931249598727, -0.5003900244572799], "rotation": [[-0.6232370195643374, 0.36087589088670075, -0.6937897439579892], [-0.7198983909530621, 0.08180524141075504, 0.689241763955813], [0.30548637309666443, 0.9290191030621806, 0.20880991834150814]], "fy": 2883.17529296875, "fx": 2892.3303222656255}, {"id": 25, "img_name": "0020", "width": 1554, "height": 1162, "position": [1.7858163051788163, -0.9857993063903218, -0.5961682911080912], "rotation": [[-0.42348868959660824, 0.41263590796643446, -0.806466947394909], [-0.8259116401388678, 0.1898913200681644, 0.5308589730294621], [0.37219254757030307, 0.8908832100895638, 0.2603839732273121]], "fy": 2883.17529296875, "fx": 2892.3303222656255}, {"id": 26, "img_name": "0021", "width": 1554, "height": 1162, "position": [1.9171734107469192, -0.6577249895693571, -0.7142809177952031], "rotation": [[-0.20023855611693964, 0.4358434128743666, -0.8774651218699393], [-0.884321835178917, 0.3051349372941396, 0.3533660451547285], [0.4217575280537328, 0.8467190735400528, 0.3243260674590911]], "fy": 2883.17529296875, "fx": 2892.3303222656255}, {"id": 27, "img_name": "0022", "width": 1554, "height": 1162, "position": [1.9642922679322257, -0.3127963417434776, -0.8475928219549809], "rotation": [[0.03334256609767904, 0.4289526811410584, -0.9027113994117495], [-0.8914967415703222, 0.4210622387815061, 0.16715307607640437], [0.4517984429538466, 0.7991909586664525, 0.396449213052916]], "fy": 2883.17529296875, "fx": 2892.3303222656255}, {"id": 28, "img_name": "0023", "width": 1554, "height": 1162, "position": [1.923160167057723, 0.03090396078020955, -0.9892933242737088], "rotation": [[0.2647325038151239, 0.39251894038696117, -0.8808209709477134], [-0.8471679826601413, 0.5310208363010707, -0.017980004717976363], [0.4606767962241231, 0.7509632167101189, 0.4731079544555015]], "fy": 2883.17529296875, "fx": 2892.3303222656255}, {"id": 29, "img_name": "0025", "width": 1554, "height": 1162, "position": [1.5881353601856154, 0.6273091641563749, -1.2750452861628951], "rotation": [[0.6716728074729802, 0.24537972874119973, -0.6990310639909074], [-0.6153081706051444, 0.7102832250301041, -0.3418970538442597], [0.41261543219796704, 0.6597624792027275, 0.6280620798522669]], "fy": 2883.17529296875, "fx": 2892.3303222656255}, {"id": 30, "img_name": "0026", "width": 1554, "height": 1162, "position": [1.3149213720864983, 0.8490528998115102, -1.3979252830627267], "rotation": [[0.82202882041555, 0.140840165779207, -0.5517541718097879], [-0.4418409958665473, 0.7689916200722536, -0.4619831410671911], [0.35922855228653133, 0.6235510692492925, 0.6943622334633319]], "fy": 2883.17529296875, "fx": 2892.3303222656255}, {"id": 31, "img_name": "0027", "width": 1554, "height": 1162, "position": [0.9905675798942987, 1.0031511456298217, -1.4985109526946558], "rotation": [[0.9260244613467035, 0.022971420541853606, -0.37676386613612123], [-0.2417825429260078, 0.8025950538579478, -0.5453277743330069], [0.2898618617958923, 0.5960817841211448, 0.7487767409015667]], "fy": 2883.17529296875, "fx": 2892.3303222656255}, {"id": 32, "img_name": "0028", "width": 1554, "height": 1162, "position": [0.6727413737431729, 1.3465090866063583, -1.3170192206932663], "rotation": [[0.9740276148569722, -0.09609419328014478, -0.205027099462184], [-0.08712734495175779, 0.6767033188705972, -0.7310823783891772], [0.2089952900371095, 0.7299578921056727, 0.6507552877195448]], "fy": 2883.17529296875, "fx": 2892.3303222656255}, {"id": 33, "img_name": "0029", "width": 1554, "height": 1162, "position": [1.0273353227223374, 1.2634992499028734, -1.2419481891592], "rotation": [[0.9180172722909039, -0.021903766548606256, -0.3959349855551444], [-0.28000935670710186, 0.6711934943611944, -0.6863629166000187], [0.2807829195874337, 0.7409585131019103, 0.6100339612921262]], "fy": 2883.17529296875, "fx": 2892.3303222656255}, {"id": 34, "img_name": "0030", "width": 1554, "height": 1162, "position": [1.3511783757403615, 1.1115038949004152, -1.142011832644012], "rotation": [[0.8195880838247389, 0.04847257136999479, -0.5708991002596462], [-0.45934852687532, 0.6511457165833477, -0.6041590739471122], [0.34245335990462433, 0.7574032384403566, 0.5559370743978983]], "fy": 2883.17529296875, "fx": 2892.3303222656255}, {"id": 35, "img_name": "0031", "width": 1554, "height": 1162, "position": [1.6300520734554798, 0.8973827030637354, -1.0214286699283206], "rotation": [[0.6832261852754754, 0.11188428807410424, -0.7215842887951984], [-0.6167831943576473, 0.6173926626508115, -0.4882671310490988], [0.39087142503884587, 0.7786579519834702, 0.49082718231675965]], "fy": 2883.17529296875, "fx": 2892.3303222656255}, {"id": 36, "img_name": "0033", "width": 1554, "height": 1162, "position": [2.002816975921008, 0.3251094914988645, -0.7413990184721503], "rotation": [[0.32375850129332384, 0.2058831390183971, -0.9234676853622069], [-0.838177737362058, 0.5151871666078112, -0.17899794399164584], [0.43890604168878994, 0.8319821611251931, 0.3393628885699369]], "fy": 2883.17529296875, "fx": 2892.3303222656255}, {"id": 37, "img_name": "0034", "width": 1554, "height": 1162, "position": [2.0797870653680812, -0.0084280074580581, -0.5982422180105808], "rotation": [[0.1171554810743696, 0.23413752520204636, -0.9651187556702512], [-0.8920225216550631, 0.4519888758735018, 0.0013700170620839448], [0.43654371386423035, 0.8607471611215858, 0.261808919838029]], "fy": 2883.17529296875, "fx": 2892.3303222656255}, {"id": 38, "img_name": "0035", "width": 1554, "height": 1162, "position": [2.0776126536981603, -0.353920315456363, -0.4603870443368684], "rotation": [[-0.09561725054032993, 0.24758235898357087, -0.9641370840908661], [-0.9038958266492795, 0.38409012569872086, 0.18827402876327978], [0.41692886199581247, 0.8894817316060353, 0.18706301925823215]], "fy": 2883.17529296875, "fx": 2892.3303222656255}, {"id": 39, "img_name": "0036", "width": 1554, "height": 1162, "position": [1.9969506494173919, -0.6928942247154269, -0.33212079415439144], "rotation": [[-0.3041631613821544, 0.24429847884186498, -0.920762197580659], [-0.8733302656264756, 0.3145554993292294, 0.3719530682526073], [0.38049838159813903, 0.9172639157174397, 0.11767706031298937]], "fy": 2883.17529296875, "fx": 2892.3303222656255}, {"id": 40, "img_name": "0037", "width": 1554, "height": 1162, "position": [1.8416191305860135, -1.0114167408457346, -0.2204942496652791], "rotation": [[-0.49897655633832727, 0.22500623315794344, -0.8368958066956824], [-0.801836099002415, 0.24647876350613682, 0.5443409680311365], [0.3287571543880572, 0.9426666506143934, 0.0574309956217723]], "fy": 2883.17529296875, "fx": 2892.3303222656255}, {"id": 41, "img_name": "0038", "width": 1554, "height": 1162, "position": [1.7195177166213784, -1.1399293285643564, 0.20398172043211363], "rotation": [[-0.6362975697427311, 0.03157118157736182, -0.7707974203597875], [-0.7276657324698842, 0.30723732450740016, 0.613276290279187], [0.256179594286042, 0.9511090825574864, -0.1725210959508866]], "fy": 2883.17529296875, "fx": 2892.3303222656255}, {"id": 42, "img_name": "0039", "width": 1554, "height": 1162, "position": [1.925237187467765, -0.8470256838532898, 0.10893959808718764], "rotation": [[-0.46965363268437454, 0.04291577613224707, -0.8818070658966943], [-0.8247217249146311, 0.3351120292680951, 0.4555590019894836], [0.31505482341999663, 0.9412003846146609, -0.12199300898415608]], "fy": 2883.17529296875, "fx": 2892.3303222656255}, {"id": 43, "img_name": "0041", "width": 1554, "height": 1162, "position": [2.134779648787264, -0.18403450864103527, -0.13480758519742275], "rotation": [[-0.08620750586052629, 0.04745639086910239, -0.9951462992439785], [-0.9143024678705931, 0.3930109099251518, 0.09794601536329572], [0.3957515169636749, 0.9183083989845039, 0.009509004967228634]], "fy": 2883.17529296875, "fx": 2892.3303222656255}, {"id": 44, "img_name": "0042", "width": 1554, "height": 1162, "position": [2.1295989034323037, 0.1588854706960199, -0.27360338015288305], "rotation": [[0.116325655616903, 0.03981567554025405, -0.9924127436840836], [-0.9025772544382756, 0.4212504968424093, -0.08889498681414736], [0.4145149473975113, 0.9060699370861481, 0.08493896333686722]], "fy": 2883.17529296875, "fx": 2892.3303222656255}, {"id": 45, "img_name": "0043", "width": 1554, "height": 1162, "position": [2.0506622409398396, 0.48930958946438724, -0.41686449681183346], "rotation": [[0.31161876337660854, 0.02703504989097928, -0.9498225373136949], [-0.8534517382214413, 0.4474247748636191, -0.26726616202774356], [0.4177485808933808, 0.8939128463757706, 0.16249906536941816]], "fy": 2883.17529296875, "fx": 2892.3303222656255}, {"id": 46, "img_name": "0044", "width": 1554, "height": 1162, "position": [1.9009289956816382, 0.7955521197153146, -0.5598810623926446], "rotation": [[0.49451938097456927, 0.009316820531641906, -0.8691166657565083], [-0.7691181012713443, 0.4704612248161492, -0.4325778337377571], [0.40485544103703336, 0.8823714823132429, 0.23981792898580215]], "fy": 2883.17529296875, "fx": 2892.3303222656255}, {"id": 47, "img_name": "0045", "width": 1554, "height": 1162, "position": [1.6870189454922122, 1.0638893329312942, -0.6956893953546694], "rotation": [[0.6570528440134802, -0.012963961484643289, -0.7537330401915668], [-0.6530517976915952, 0.4896701123637629, -0.5777079976851933], [0.37656992671424644, 0.8718113997650434, 0.3132730016042599]], "fy": 2883.17529296875, "fx": 2892.3303222656255}, {"id": 48, "img_name": "0046", "width": 1554, "height": 1162, "position": [1.4168052334681578, 1.2855160744665326, -0.8184444958204616], "rotation": [[0.7939043626435001, -0.03966159493177043, -0.6067477407152714], [-0.5083117954897394, 0.5042992145398656, -0.6980697821711462], [0.33366897000113066, 0.8626176789875932, 0.38020488996913476]], "fy": 2883.17529296875, "fx": 2892.3303222656255}, {"id": 49, "img_name": "0047", "width": 1554, "height": 1162, "position": [1.1015535623306278, 1.4488111892674012, -0.9222446279661337], "rotation": [[0.8966865218185924, -0.0689317276893863, -0.4372661643743219], [-0.343994010891186, 0.5131974923877094, -0.7863182906927457], [0.27860617735411, 0.8554979548337467, 0.43646517296962756]], "fy": 2883.17529296875, "fx": 2892.3303222656255}, {"id": 50, "img_name": "0049", "width": 1554, "height": 1162, "position": [1.8049603980314088, 1.1196936827747486, -1.8894704456084077], "rotation": [[0.7687937524148396, 0.1834566832843523, -0.6126171819384558], [-0.5128005460029033, 0.749223732725175, -0.41916512061534894], [0.3820886890069301, 0.6364019513480931, 0.6700752122361376]], "fy": 2883.17529296875, "fx": 2892.3303222656255}, {"id": 51, "img_name": "0050", "width": 1554, "height": 1162, "position": [2.189869715909142, 0.7656823901097607, -1.6992302649073563], "rotation": [[0.5891372116177639, 0.287983949248608, -0.7549719139560234], [-0.6838492732898005, 0.6754050518662374, -0.27600396253419435], [0.43042713356415824, 0.6788911995958855, 0.5948438633818135]], "fy": 2883.17529296875, "fx": 2892.3303222656255}, {"id": 52, "img_name": "0051", "width": 1554, "height": 1162, "position": [2.4630029434750815, 0.32868907965340227, -1.4871085784948987], "rotation": [[0.37035021664177115, 0.3674665712551441, -0.8531172463638168], [-0.8091311925589352, 0.578710437661246, -0.10198501149720117], [0.45623177252526836, 0.7280539460451521, 0.5116542009859143]], "fy": 2883.17529296875, "fx": 2892.3303222656255}, {"id": 53, "img_name": "0052", "width": 1554, "height": 1162, "position": [2.6041398443077752, -0.16817497342569437, -1.2716856753993329], "rotation": [[0.1267937237058935, 0.4194560791622788, -0.8988770490354071], [-0.8803137503966483, 0.46520471659911433, 0.09291002376775814], [0.4571335171384625, 0.7795134182987141, 0.4282379924771656]], "fy": 2883.17529296875, "fx": 2892.3303222656255}, {"id": 54, "img_name": "0053", "width": 1554, "height": 1162, "position": [2.6048239592081748, -0.6830303433482535, -1.0638778605007024], "rotation": [[-0.1244659458748314, 0.437995020504024, -0.8903193754665589], [-0.8927337381596503, 0.3421885841737464, 0.29314406972112556], [0.4330527693814934, 0.8313045981316635, 0.3484221061531152]], "fy": 2883.17529296875, "fx": 2892.3303222656255}, {"id": 55, "img_name": "0054", "width": 1554, "height": 1162, "position": [2.7861494106330604, -0.5524780624784816, -0.554653946702914], "rotation": [[-0.16307118790485275, 0.23532417270139405, -0.9581389885698756], [-0.89943322142472, 0.36367792664634724, 0.24240100220041264], [0.4054968161069213, 0.9013106564401747, 0.1523529872189285]], "fy": 2883.17529296875, "fx": 2892.3303222656255}, {"id": 56, "img_name": "0055", "width": 1554, "height": 1162, "position": [2.8010237198030734, -0.03458275538562967, -0.7601801922772714], "rotation": [[0.06285696505399285, 0.22566476200901284, -0.9721750959223431], [-0.8998138922864087, 0.4341884419088587, 0.04260699662192478], [0.43172208791372263, 0.8720985105480762, 0.23034805557512866]], "fy": 2883.17529296875, "fx": 2892.3303222656255}, {"id": 57, "img_name": "0057", "width": 1554, "height": 1162, "position": [2.4587628006059217, 0.9225236465512696, -1.1883911445227109], "rotation": [[0.4927105096790758, 0.15925655064121946, -0.8554961745850453], [-0.7592472996159251, 0.5590300511680503, -0.3332100537453407], [0.42518218645389083, 0.8137092557965087, 0.3963550874574225]], "fy": 2883.17529296875, "fx": 2892.3303222656255}, {"id": 58, "img_name": "0058", "width": 1554, "height": 1162, "position": [2.120145313777899, 1.3135816129195332, -1.389791921554046], "rotation": [[0.6741145882666945, 0.10577929629653712, -0.7310131752308122], [-0.6259281816044959, 0.6072586198730447, -0.48933718442723484], [0.3921523088792337, 0.7874310821049001, 0.4755721370894134]], "fy": 2883.17529296875, "fx": 2892.3303222656255}, {"id": 59, "img_name": "0059", "width": 1554, "height": 1162, "position": [1.8944584563923335, 1.809472665658745, -1.0338232914700496], "rotation": [[0.7623667649896811, -0.047780536265222474, -0.6453789088538424], [-0.5491866469571187, 0.4797761644842408, -0.6842578891008768], [0.34233162641386994, 0.8760889523027889, 0.3395249699356973]], "fy": 2883.17529296875, "fx": 2892.3303222656255}, {"id": 60, "img_name": "0060", "width": 1554, "height": 1162, "position": [2.2903637508922667, 1.4697883495204203, -0.8478452555234186], "rotation": [[0.6070949368874524, -0.02483684614983601, -0.7942410645886734], [-0.695850663856838, 0.46601733987478833, -0.5464610622414223], [0.38370247746869973, 0.8844269161492967, 0.2656340316582696]], "fy": 2883.17529296875, "fx": 2892.3303222656255}, {"id": 61, "img_name": "0061", "width": 1554, "height": 1162, "position": [2.595516189888969, 1.0562714423055466, -0.6417291162831722], "rotation": [[0.42494542767872706, -0.006294864155315993, -0.9051970825075663], [-0.8081079773734827, 0.44796090470267347, -0.38248205809331853], [0.40790057661185297, 0.8940309852254721, 0.1852720082918338]], "fy": 2883.17529296875, "fx": 2892.3303222656255}, {"id": 62, "img_name": "0062", "width": 1554, "height": 1162, "position": [2.794502202486701, 0.5879750947459674, -0.4270807830342943], "rotation": [[0.22324736180228155, 0.008298959907950407, -0.9747264963633478], [-0.8824883427669333, 0.42639841641235426, -0.19849109642880203], [0.4139745648331461, 0.9044973840456824, 0.10251605691658515]], "fy": 2883.17529296875, "fx": 2892.3303222656255}, {"id": 63, "img_name": "0063", "width": 1554, "height": 1162, "position": [2.8795401292031544, 0.084379750276512, -0.2137923637037028], "rotation": [[0.010185183732098027, 0.01746063560661212, -0.9997956732435666], [-0.9152914783616293, 0.4027856323155388, -0.002289986627636263], [0.40266334781170066, 0.9151277837572109, 0.020084016647292736]], "fy": 2883.17529296875, "fx": 2892.3303222656255}]