[{"id": 0, "img_name": "DSCF5857", "width": 3115, "height": 2076, "position": [2.8600304263520306, 1.5212762347655788, -0.6913106580594985], "rotation": [[0.5403782468396564, 0.42227211353506117, -0.7277895385845633], [-0.46045411452208584, 0.8723524763255538, 0.16426553341573502], [0.7042537602045025, 0.24634816658401668, 0.6658372339081919]], "fy": 3192.689131824271, "fx": 3192.878062459705}, {"id": 1, "img_name": "DSCF5865", "width": 3115, "height": 2076, "position": [2.919437577944053, -0.042499712000954475, -1.012645209046632], "rotation": [[0.3711878122014093, 0.568755785650196, -0.7339866922244298], [-0.507191564335708, 0.7863105220591758, 0.3528065758538578], [0.7778022403797953, 0.2413143576094365, 0.5803370190430007]], "fy": 3192.689131824271, "fx": 3192.878062459705}, {"id": 2, "img_name": "DSCF5873", "width": 3115, "height": 2076, "position": [4.08823414477906, 0.6900042204416037, -0.03278651874245371], "rotation": [[0.18606568755527883, 0.3498635625343315, -0.9181367259430195], [-0.562343380192106, 0.8041896531416649, 0.19248097187515742], [0.8056981337130539, 0.4804940055720514, 0.3463755590982533]], "fy": 3192.689131824271, "fx": 3192.878062459705}, {"id": 3, "img_name": "DSCF5881", "width": 3115, "height": 2076, "position": [3.4083223868011134, -0.44032257435942285, 0.816050948328564], "rotation": [[-0.2278437744521111, 0.5410113763532731, -0.8095640216188912], [-0.5491709329068855, 0.6151721637301404, 0.5656628814247567], [0.8040513048889335, 0.5734717949715702, 0.15694457454301786]], "fy": 3192.689131824271, "fx": 3192.878062459705}, {"id": 4, "img_name": "DSCF5889", "width": 3115, "height": 2076, "position": [3.2273058479152, -1.033842104594704, 1.2060684600224725], "rotation": [[-0.43765808957403707, 0.2740311876819318, -0.856365754107457], [-0.574765921637489, 0.647158872042638, 0.500828842680519], [0.6914474180692349, 0.7114016464094879, -0.12573052744364824]], "fy": 3192.689131824271, "fx": 3192.878062459705}, {"id": 5, "img_name": "DSCF5897", "width": 3115, "height": 2076, "position": [2.825748511094377, -0.604323563570495, 2.886249354802329], "rotation": [[-0.6046499857059288, 0.4610593537322408, -0.6494787657205036], [-0.4354293280667869, 0.49144208664348443, 0.7542453020966087], [0.6669330513965601, 0.7388565136828031, -0.09639168606973814]], "fy": 3192.689131824271, "fx": 3192.878062459705}, {"id": 6, "img_name": "DSCF5905", "width": 3115, "height": 2076, "position": [2.404566365054245, -1.5126823704300492, 1.8822180372091366], "rotation": [[-0.7203044675572101, 0.4188948149868612, -0.5528911357530041], [-0.4453939650669829, 0.3317487098307517, 0.8316050801958479], [0.5317759771736916, 0.8452632297117595, -0.05238685520443247]], "fy": 3192.689131824271, "fx": 3192.878062459705}, {"id": 7, "img_name": "DSCF5913", "width": 3115, "height": 2076, "position": [1.7950820830227234, -1.8630553223342872, 2.9759338747108006], "rotation": [[-0.915864244946576, 0.11467516190020251, -0.38476264380992126], [-0.2983863964079685, 0.44677865589398663, 0.8434182776512668], [0.2686228643788623, 0.8872645827940642, -0.3749710880216903]], "fy": 3192.689131824271, "fx": 3192.878062459705}, {"id": 8, "img_name": "DSCF5921", "width": 3115, "height": 2076, "position": [0.8171886744097858, -1.942655995393453, 4.075965155031421], "rotation": [[-0.9953662237688627, -0.010545645349508331, -0.09557651355995389], [-0.09600214167116883, 0.16529325353518706, 0.981560863691244], [0.0054469601304297476, 0.9861880802868765, -0.1655397261246456]], "fy": 3192.689131824271, "fx": 3192.878062459705}, {"id": 9, "img_name": "DSCF5929", "width": 3115, "height": 2076, "position": [0.2531757447920375, -2.8882312785311743, 2.7933525872014706], "rotation": [[-0.9358774117235655, -0.28655136569287143, 0.20499215849673266], [0.08560328783744717, 0.37945435420745594, 0.9212418087475306], [-0.34176826554994605, 0.8797174022903903, -0.33059301984529027]], "fy": 3192.689131824271, "fx": 3192.878062459705}, {"id": 10, "img_name": "DSCF5937", "width": 3115, "height": 2076, "position": [-1.1698834721968163, -2.2853449116432762, 3.320421377923876], "rotation": [[-0.8221495734574612, -0.36850071277352037, 0.4339093264140816], [0.2507297991257076, 0.44990700582420934, 0.8571570765855445], [-0.5110818395267991, 0.8135053231514238, -0.27749674324251233]], "fy": 3192.689131824271, "fx": 3192.878062459705}, {"id": 11, "img_name": "DSCF5945", "width": 3115, "height": 2076, "position": [-2.34363039774797, -1.363613681172855, 3.780467632764833], "rotation": [[-0.7261755538614494, -0.38042498291550103, 0.5726656069188703], [0.35213501792725355, 0.5095955363662399, 0.785056251783894], [-0.5904828482889152, 0.7717442722102608, -0.23609486268715146]], "fy": 3192.689131824271, "fx": 3192.878062459705}, {"id": 12, "img_name": "DSCF5953", "width": 3115, "height": 2076, "position": [-2.098890130289681, -2.2761924627827237, 2.3954605859329496], "rotation": [[-0.6552121393855342, -0.5244283289472783, 0.5437572805943809], [0.3677636596040596, 0.4073068417897904, 0.8359731020229395], [-0.6598840375978648, 0.7477138920929528, -0.07400670574176121]], "fy": 3192.689131824271, "fx": 3192.878062459705}, {"id": 13, "img_name": "DSCF5961", "width": 3115, "height": 2076, "position": [-2.909405602393553, -1.8840416217824243, 1.5217884840333225], "rotation": [[-0.3804323333109591, -0.5841557484258525, 0.7169611574922392], [0.3986199702593791, 0.5959639455956978, 0.6970861459392376], [-0.8344898795563617, 0.5509891442950944, 0.006132192672182025]], "fy": 3192.689131824271, "fx": 3192.878062459705}, {"id": 14, "img_name": "DSCF5969", "width": 3115, "height": 2076, "position": [-3.7865676314699335, -0.6808360740064705, 2.0839818774259706], "rotation": [[-0.35176829939361653, -0.4430898913664961, 0.8245789299457932], [0.5310505480051043, 0.6309469940779688, 0.5655892556683286], [-0.7708724790814633, 0.6368494632429252, 0.013355978511378718]], "fy": 3192.689131824271, "fx": 3192.878062459705}, {"id": 15, "img_name": "DSCF5977", "width": 3115, "height": 2076, "position": [-4.208390013135253, -1.079836461750356, 0.9286227013066547], "rotation": [[-0.14591748661017429, -0.558540366167939, 0.8165419440924965], [0.5245289400013587, 0.6561322873517562, 0.5425493642016394], [-0.8387952540414257, 0.5074673199877375, 0.19722941195988702]], "fy": 3192.689131824271, "fx": 3192.878062459705}, {"id": 16, "img_name": "DSCF5985", "width": 3115, "height": 2076, "position": [-3.7064657057132666, -0.7648120008870041, -0.3993005606649924], "rotation": [[0.2516901370248209, -0.5053677479119426, 0.8253820414176931], [0.45844974690157947, 0.8133387982370812, 0.3581952384498405], [-0.8523355586213124, 0.2882419793379716, 0.43639506969834535]], "fy": 3192.689131824271, "fx": 3192.878062459705}, {"id": 17, "img_name": "DSCF5993", "width": 3115, "height": 2076, "position": [-3.885286899533272, 0.9414343373443972, -0.24694332816694134], "rotation": [[0.3027067086786716, -0.4090514039766556, 0.8608400533349112], [0.6196040189745782, 0.7707638375373216, 0.14837104304847373], [-0.7241957664827078, 0.4884670466361761, 0.48676527830059463]], "fy": 3192.689131824271, "fx": 3192.878062459705}, {"id": 18, "img_name": "DSCF6001", "width": 3115, "height": 2076, "position": [-3.2636037217349436, 0.3807336659336921, -0.6665276795861289], "rotation": [[0.3741017392296915, -0.5848637661084742, 0.7197098469513473], [0.5112187581511827, 0.7775567320591882, 0.36614329127241757], [-0.7737591808952462, 0.23095433211535074, 0.5898786540106955]], "fy": 3192.689131824271, "fx": 3192.878062459705}, {"id": 19, "img_name": "DSCF6009", "width": 3115, "height": 2076, "position": [-2.112065957654701, -0.03755974742996769, -1.6902061697098858], "rotation": [[0.782992095882847, -0.40941256457539144, 0.46829982890535776], [0.35144201422074783, 0.9123493479921201, 0.2100170894446855], [-0.5132366787608326, 0.0001385140942208525, 0.8582471045033568]], "fy": 3192.689131824271, "fx": 3192.878062459705}, {"id": 20, "img_name": "DSCF6017", "width": 3115, "height": 2076, "position": [-2.227220030495926, 1.582168739287219, -1.5050589738756048], "rotation": [[0.8032966589683578, -0.31712358969290294, 0.5041300492438049], [0.38162630078281273, 0.9239252157224477, -0.026899113425069125], [-0.4572481210908361, 0.21399725374993941, 0.8632087413519304]], "fy": 3192.689131824271, "fx": 3192.878062459705}, {"id": 21, "img_name": "DSCF6025", "width": 3115, "height": 2076, "position": [-1.6974417136847986, 1.9624287465578858, -1.8914194392059513], "rotation": [[0.9409575576700964, -0.18798173295577184, 0.28153462085234304], [0.19049918719580303, 0.9815099342715325, 0.018663027729448882], [-0.2798373355027274, 0.03607099944881842, 0.959369557916811]], "fy": 3192.689131824271, "fx": 3192.878062459705}, {"id": 22, "img_name": "DSCF6033", "width": 3115, "height": 2076, "position": [-0.7896864195500647, 0.6366522474789158, -2.5406453347284796], "rotation": [[0.9935827195492679, -0.08577425458278991, 0.07373029678393735], [0.07525777146187936, 0.9879592248588898, 0.1351770611117639], [-0.08443723851282842, -0.12876081417492183, 0.988074392687787]], "fy": 3192.689131824271, "fx": 3192.878062459705}, {"id": 23, "img_name": "DSCF6041", "width": 3115, "height": 2076, "position": [-0.2554393033026285, 1.9511724835703013, -2.5266065827320543], "rotation": [[0.9978913830019555, -0.064444849296583, -0.007723284896046167], [0.061722551226161215, 0.9790141815792083, -0.19422038754190185], [0.02007770904706752, 0.19333415028373374, 0.9809275161465745]], "fy": 3192.689131824271, "fx": 3192.878062459705}, {"id": 24, "img_name": "DSCF6049", "width": 3115, "height": 2076, "position": [0.39793484025129605, 2.6854654340357653, -2.356298361245591], "rotation": [[0.9849453861228038, 0.0036250839374054665, -0.1728277903632624], [-0.04397173072134409, 0.9721484689403792, -0.23020391229135484], [0.1671797632872191, 0.2343378183378068, 0.9576725503239123]], "fy": 3192.689131824271, "fx": 3192.878062459705}, {"id": 25, "img_name": "DSCF6057", "width": 3115, "height": 2076, "position": [0.7385842757674718, 1.3306550993004824, -2.827650742030753], "rotation": [[0.9598304278957434, 0.16662532064072186, -0.2257466549184083], [-0.18053045595720307, 0.9826606424714577, -0.04227074886332377], [0.21478897587483084, 0.0813268975121912, 0.9732685300489701]], "fy": 3192.689131824271, "fx": 3192.878062459705}, {"id": 26, "img_name": "DSCF6065", "width": 3115, "height": 2076, "position": [1.4841551135380324, 1.5987178649512024, -2.4049607375062614], "rotation": [[0.8799730935713338, 0.2626757771259909, -0.3957888208397926], [-0.3301523676241224, 0.9372590384592218, -0.11200405786703127], [0.3415358967117263, 0.2292311735732113, 0.9114857652863073]], "fy": 3192.689131824271, "fx": 3192.878062459705}, {"id": 27, "img_name": "DSCF6073", "width": 3115, "height": 2076, "position": [2.411857818652536, 1.8150820178928762, -1.8647959857152272], "rotation": [[0.8788449928858686, 0.1705017226826693, -0.44560143743224145], [-0.2200986848630264, 0.9735314317404036, -0.06158831329924576], [0.42330609185435053, 0.15220287111523878, 0.8931104291314004]], "fy": 3192.689131824271, "fx": 3192.878062459705}, {"id": 28, "img_name": "DSCF6081", "width": 3115, "height": 2076, "position": [2.6980804265642617, 0.8910213043364545, -1.8007279727960066], "rotation": [[0.6681464225036491, 0.5182375762496616, -0.5338634400841205], [-0.5323814356743515, 0.8342464623946166, 0.14353691835685875], [0.519759910963602, 0.18831530618869877, 0.8332988541994792]], "fy": 3192.689131824271, "fx": 3192.878062459705}, {"id": 29, "img_name": "DSCF6089", "width": 3115, "height": 2076, "position": [2.679701278571611, 1.9123093534937514, -1.7271280048638626], "rotation": [[0.7826994998902733, 0.3717843658399806, -0.4991571678224001], [-0.3675998944432485, 0.9233016293202044, 0.11128530406108413], [0.5022467625349405, 0.09638717036835763, 0.8593356171552253]], "fy": 3192.689131824271, "fx": 3192.878062459705}, {"id": 30, "img_name": "DSCF5858", "width": 3115, "height": 2076, "position": [2.8680127136240077, 1.4366768825600158, -0.7260938635809799], "rotation": [[0.5325080335791049, 0.44551684450806917, -0.7196873872962397], [-0.48126699138509077, 0.8588163406272677, 0.17554650687134632], [0.6962882141590921, 0.25288185844611644, 0.6717391521208068]], "fy": 3192.689131824271, "fx": 3192.878062459705}, {"id": 31, "img_name": "DSCF5859", "width": 3115, "height": 2076, "position": [2.876860476257464, 1.2367609830375117, -0.8065076999743058], "rotation": [[0.5280570895965924, 0.44523081310146295, -0.7231356948676966], [-0.4625796937612804, 0.8649257438317492, 0.1947395300826597], [0.712162718096431, 0.23167429879489249, 0.6626849041825219]], "fy": 3192.689131824271, "fx": 3192.878062459705}, {"id": 32, "img_name": "DSCF5860", "width": 3115, "height": 2076, "position": [2.8555186432407322, 1.0691958624700328, -0.8843273411750908], "rotation": [[0.5179223171590119, 0.47258340897675977, -0.713036741653994], [-0.4514668120009507, 0.8590120499183596, 0.24140425795075776], [0.7265908002791792, 0.19688377194416584, 0.6582572364165087]], "fy": 3192.689131824271, "fx": 3192.878062459705}, {"id": 33, "img_name": "DSCF5861", "width": 3115, "height": 2076, "position": [2.837106056084107, 0.8485246953375368, -0.947584599060168], "rotation": [[0.509847824318574, 0.4647725808394407, -0.7239072068555898], [-0.4385693902167019, 0.8643557982561663, 0.24606085423304508], [0.7400757299105051, 0.1920299511034442, 0.644524950546247]], "fy": 3192.689131824271, "fx": 3192.878062459705}, {"id": 34, "img_name": "DSCF5862", "width": 3115, "height": 2076, "position": [2.838766128901395, 0.630699408950488, -0.9807442069263382], "rotation": [[0.4969163493869039, 0.4726389989566082, -0.7277956570200785], [-0.4327441832792893, 0.8619123928383341, 0.2642716384889573], [0.7522011789075668, 0.18362843934693926, 0.6328301373299743]], "fy": 3192.689131824271, "fx": 3192.878062459705}, {"id": 35, "img_name": "DSCF5863", "width": 3115, "height": 2076, "position": [2.8610166881417856, 0.4036871086126077, -1.035764567364227], "rotation": [[0.4560812863292821, 0.4994282840444402, -0.7365875707318534], [-0.4402725009577397, 0.8459239686994037, 0.30095309282389376], [0.7734015678550469, 0.18704017824060185, 0.6056946314464736]], "fy": 3192.689131824271, "fx": 3192.878062459705}, {"id": 36, "img_name": "DSCF5864", "width": 3115, "height": 2076, "position": [2.8753030172602694, 0.17813729385839566, -1.0563722170882968], "rotation": [[0.4273537274769991, 0.5429659867924443, -0.7228808538051216], [-0.46879314963812385, 0.8167659580631869, 0.3363426119323746], [0.7730470713118848, 0.1951443233497491, 0.6035867117494274]], "fy": 3192.689131824271, "fx": 3192.878062459705}, {"id": 37, "img_name": "DSCF5866", "width": 3115, "height": 2076, "position": [3.052854111476144, -0.027932631594471968, -0.805169256767627], "rotation": [[0.3422639749902022, 0.546926310807916, -0.7640202758892913], [-0.49381115039006374, 0.7964831488772889, 0.3489486227297082], [0.7993784580374603, 0.25784918867539863, 0.5426857992661046]], "fy": 3192.689131824271, "fx": 3192.878062459705}, {"id": 38, "img_name": "DSCF5867", "width": 3115, "height": 2076, "position": [3.206826504281638, 0.06930762641711466, -0.6468113944245613], "rotation": [[0.3151405214940527, 0.5323085598381481, -0.7857060829823664], [-0.510564364257583, 0.7929709656146835, 0.33244710502930624], [0.8000065510123692, 0.2963859727030842, 0.5216750650760875]], "fy": 3192.689131824271, "fx": 3192.878062459705}, {"id": 39, "img_name": "DSCF5868", "width": 3115, "height": 2076, "position": [3.3744029646588936, 0.1465492654450055, -0.5680704820123884], "rotation": [[0.28845808149861246, 0.469386495097992, -0.8345467353226915], [-0.519761425402888, 0.8087621821924896, 0.27523043675872805], [0.8041392888556671, 0.354372756959201, 0.477262981220875]], "fy": 3192.689131824271, "fx": 3192.878062459705}, {"id": 40, "img_name": "DSCF5869", "width": 3115, "height": 2076, "position": [3.5536939998547434, 0.24791298686466848, -0.4990310006124567], "rotation": [[0.26530659057787204, 0.4238527887277109, -0.8660030175950242], [-0.5144977422278685, 0.8218577060893949, 0.24462621319863403], [0.8154167561672809, 0.3806556507254558, 0.43611556878012125]], "fy": 3192.689131824271, "fx": 3192.878062459705}, {"id": 41, "img_name": "DSCF5870", "width": 3115, "height": 2076, "position": [3.721990454250686, 0.3491280124961082, -0.4350460378692622], "rotation": [[0.24539873094024692, 0.3939130820800628, -0.8857832390709941], [-0.5250226264550785, 0.8221224688598424, 0.22014969431277562], [0.8149421479854427, 0.4110317870457016, 0.4085610914843575]], "fy": 3192.689131824271, "fx": 3192.878062459705}, {"id": 42, "img_name": "DSCF5871", "width": 3115, "height": 2076, "position": [3.8800663693104367, 0.4746900815308912, -0.3455439374609135], "rotation": [[0.22682745336897217, 0.3924391553242623, -0.8913701900818347], [-0.5399525177243, 0.8123664271069, 0.22025454981171025], [0.8105557260308115, 0.4313377997323549, 0.3961655178340421]], "fy": 3192.689131824271, "fx": 3192.878062459705}, {"id": 43, "img_name": "DSCF5872", "width": 3115, "height": 2076, "position": [3.9948647898671035, 0.5803945323438086, -0.21327097287329277], "rotation": [[0.20497516158170073, 0.3736109246000375, -0.9046546634788665], [-0.5567485849109636, 0.8046871828592903, 0.20617844441555586], [0.8049945318660215, 0.46140374376622056, 0.3729482389076542]], "fy": 3192.689131824271, "fx": 3192.878062459705}, {"id": 44, "img_name": "DSCF5874", "width": 3115, "height": 2076, "position": [4.1614511310367766, 0.8216348146841578, 0.19325679764424178], "rotation": [[0.1283031707524717, 0.3611325953097372, -0.9236457897807555], [-0.5541301747848962, 0.7985028638929564, 0.23522951716909832], [0.8224828543913376, 0.4816393100231754, 0.3025649174519035]], "fy": 3192.689131824271, "fx": 3192.878062459705}, {"id": 45, "img_name": "DSCF5875", "width": 3115, "height": 2076, "position": [4.235372053084226, 0.838902827671773, 0.45563727711039814], "rotation": [[0.07862310110836075, 0.36564458522506893, -0.9274278652637583], [-0.5442625642689268, 0.7951705858282363, 0.2673611799962581], [0.8352225267002301, 0.4837435030356135, 0.2615254369336121]], "fy": 3192.689131824271, "fx": 3192.878062459705}, {"id": 46, "img_name": "DSCF5876", "width": 3115, "height": 2076, "position": [4.230262770360443, 0.762412174445719, 0.7742787259824734], "rotation": [[0.03424681330705398, 0.39466191306382303, -0.9181879601449339], [-0.5354243396927664, 0.7830034218678795, 0.31658556159079054], [0.8438885780971778, 0.480778135650941, 0.23812696621157523]], "fy": 3192.689131824271, "fx": 3192.878062459705}, {"id": 47, "img_name": "DSCF5877", "width": 3115, "height": 2076, "position": [4.109188154171239, 0.4863252650989193, 1.0175683450509092], "rotation": [[-0.010850985940814083, 0.4465738457813851, -0.8946809802203999], [-0.5385507104920898, 0.7512682729990423, 0.3815221018676396], [0.8425232271768995, 0.4859709685249313, 0.2323506604646577]], "fy": 3192.689131824271, "fx": 3192.878062459705}, {"id": 48, "img_name": "DSCF5878", "width": 3115, "height": 2076, "position": [3.958912514665976, 0.17725067238718833, 1.0665612197956016], "rotation": [[-0.06643696315397254, 0.48457091080126347, -0.8722254079835736], [-0.5414141442028015, 0.716769411619283, 0.4394454858387952], [0.8381269918001837, 0.5014305963662177, 0.21473356198739332]], "fy": 3192.689131824271, "fx": 3192.878062459705}, {"id": 49, "img_name": "DSCF5879", "width": 3115, "height": 2076, "position": [3.761988567456399, -0.09254955437922317, 1.0572077821743475], "rotation": [[-0.1438632063251808, 0.5420979914972841, -0.8279088992639521], [-0.5619196325241307, 0.6439063940527122, 0.519259937104702], [0.8145856028986665, 0.5399206639059518, 0.21198106575251474]], "fy": 3192.689131824271, "fx": 3192.878062459705}, {"id": 50, "img_name": "DSCF5880", "width": 3115, "height": 2076, "position": [3.5705996534573, -0.31544192689157013, 0.996453793093306], "rotation": [[-0.21595709654611542, 0.5528036715733834, -0.8048419926584092], [-0.5705382238694662, 0.5974851329315358, 0.5634692991012553], [0.7923690223344466, 0.5808783148136724, 0.1863644703906336]], "fy": 3192.689131824271, "fx": 3192.878062459705}, {"id": 51, "img_name": "DSCF5882", "width": 3115, "height": 2076, "position": [3.2385003905818386, -0.5768884029747151, 0.5385513348043459], "rotation": [[-0.2055269282902812, 0.5067748806079805, -0.8372203426412479], [-0.5856797151499613, 0.6216832359171955, 0.5200857866173471], [0.7840522642078278, 0.597234605966777, 0.16903512187201444]], "fy": 3192.689131824271, "fx": 3192.878062459705}, {"id": 52, "img_name": "DSCF5883", "width": 3115, "height": 2076, "position": [3.1623304152192016, -0.7221378603697133, 0.38658188193284415], "rotation": [[-0.22762739616410313, 0.5123759206860934, -0.8280438903926698], [-0.6119968752132119, 0.586148587141803, 0.5309328192162662], [0.7573939485134629, 0.6276151286359708, 0.18014898573802535]], "fy": 3192.689131824271, "fx": 3192.878062459705}, {"id": 53, "img_name": "DSCF5884", "width": 3115, "height": 2076, "position": [3.109125814445775, -1.0255505229025974, 0.39717505917073426], "rotation": [[-0.31448767217538415, 0.48342564013300454, -0.8169437890771323], [-0.6147020907508183, 0.552087105341373, 0.563330425010363], [0.7233525030552393, 0.6793375291986881, 0.12353816311545629]], "fy": 3192.689131824271, "fx": 3192.878062459705}, {"id": 54, "img_name": "DSCF5885", "width": 3115, "height": 2076, "position": [3.0257944741160165, -1.3382898289369316, 0.48673928366100855], "rotation": [[-0.41237070249674024, 0.42635831165332694, -0.8050894321791023], [-0.6257445820336204, 0.5097214496033569, 0.5904470864267368], [0.6621133753202051, 0.7472634300555442, 0.05659721127147812]], "fy": 3192.689131824271, "fx": 3192.878062459705}, {"id": 55, "img_name": "DSCF5886", "width": 3115, "height": 2076, "position": [3.033371977674219, -1.4239795865260916, 0.67841369403449], "rotation": [[-0.4420900423952801, 0.3597008995162911, -0.8216882969241504], [-0.5970926129191478, 0.5655934355112004, 0.5688448622463093], [0.6693555154118955, 0.7421046614823331, -0.035268475922088635]], "fy": 3192.689131824271, "fx": 3192.878062459705}, {"id": 56, "img_name": "DSCF5887", "width": 3115, "height": 2076, "position": [3.070417185421476, -1.30377920800575, 0.8927858236095996], "rotation": [[-0.45222819940308656, 0.3198348883072618, -0.8325835092566527], [-0.5811402386180606, 0.6024683883454404, 0.5470903619178379], [0.6765838297828178, 0.7312574685197605, -0.08658427114947502]], "fy": 3192.689131824271, "fx": 3192.878062459705}, {"id": 57, "img_name": "DSCF5888", "width": 3115, "height": 2076, "position": [3.146079019043696, -1.1774882163940787, 1.0481618264571877], "rotation": [[-0.45700627766859625, 0.27605212122447087, -0.8455415356675059], [-0.579295856891188, 0.6289846948967011, 0.5184540131722466], [0.6749530149278525, 0.7267554471437926, -0.12753410401389909]], "fy": 3192.689131824271, "fx": 3192.878062459705}, {"id": 58, "img_name": "DSCF5890", "width": 3115, "height": 2076, "position": [3.2996547842107016, -0.8836670861596189, 1.360254186747576], "rotation": [[-0.41789822430423224, 0.29711258900635495, -0.858536652436755], [-0.5663498557397865, 0.6537127290340928, 0.5019038840279296], [0.7103583004561095, 0.6959768511615448, -0.10491571674619736]], "fy": 3192.689131824271, "fx": 3192.878062459705}, {"id": 59, "img_name": "DSCF5891", "width": 3115, "height": 2076, "position": [3.3344766685862277, -0.7518182137924682, 1.499201168867705], "rotation": [[-0.40112751577926176, 0.33564578582908255, -0.8523136878755], [-0.5615392443988432, 0.6450180089403685, 0.5182908885390317], [0.7237198305178142, 0.6865083208510879, -0.07025619059901668]], "fy": 3192.689131824271, "fx": 3192.878062459705}, {"id": 60, "img_name": "DSCF5892", "width": 3115, "height": 2076, "position": [3.352654694416632, -0.6257840398576042, 1.6561304088321471], "rotation": [[-0.39110733905045153, 0.3569852028711964, -0.8482904068017543], [-0.5368615815549678, 0.6601543540622741, 0.5253340566372222], [0.7475390903432234, 0.66087653441746, -0.06653957217471426]], "fy": 3192.689131824271, "fx": 3192.878062459705}, {"id": 61, "img_name": "DSCF5893", "width": 3115, "height": 2076, "position": [3.3594937197383743, -0.49887801605165283, 1.8350417900026872], "rotation": [[-0.39173666492912146, 0.38929446229046605, -0.833661926070866], [-0.5093456547019924, 0.6628157555729158, 0.5488554255908413], [0.7662306372016249, 0.6396288734838991, -0.06136379078341216]], "fy": 3192.689131824271, "fx": 3192.878062459705}, {"id": 62, "img_name": "DSCF5894", "width": 3115, "height": 2076, "position": [3.346677977669062, -0.37288815867451375, 2.0321360848453183], "rotation": [[-0.39212284278809467, 0.4075824163605589, -0.8246916090499954], [-0.48157426842338064, 0.6728805728342445, 0.5615317966907524], [0.7837894488676588, 0.6173397027374368, -0.06757063909557541]], "fy": 3192.689131824271, "fx": 3192.878062459705}, {"id": 63, "img_name": "DSCF5895", "width": 3115, "height": 2076, "position": [3.1971594710802234, -0.3044154749300788, 2.3180354894014963], "rotation": [[-0.43950843936219924, 0.4536713483942639, -0.7752513394864496], [-0.45194039602449504, 0.6341893107295729, 0.6273386618068202], [0.7762616892328427, 0.6260880335883124, -0.07369914536067297]], "fy": 3192.689131824271, "fx": 3192.878062459705}, {"id": 64, "img_name": "DSCF5896", "width": 3115, "height": 2076, "position": [2.970628552318405, -0.4337500517855833, 2.6980365893904867], "rotation": [[-0.5361544881690267, 0.42448450564440965, -0.7296240602420057], [-0.46090286331195063, 0.5769243462071535, 0.6743343750279188], [0.7071823777548858, 0.6978332202047061, -0.11367445346988032]], "fy": 3192.689131824271, "fx": 3192.878062459705}, {"id": 65, "img_name": "DSCF5898", "width": 3115, "height": 2076, "position": [2.700874249764316, -0.7861212307550657, 2.789961130457241], "rotation": [[-0.6026562266970857, 0.4529024790917801, -0.6570272573156685], [-0.4676897456174573, 0.46665809508845013, 0.7506640554420444], [0.6465846999949102, 0.7596772780075355, -0.06941656150770442]], "fy": 3192.689131824271, "fx": 3192.878062459705}, {"id": 66, "img_name": "DSCF5899", "width": 3115, "height": 2076, "position": [2.608073703601462, -0.9382273899286179, 2.7200775958002015], "rotation": [[-0.6731353315165448, 0.4820466024562765, -0.5608207365321574], [-0.4244859947588682, 0.3691264901482224, 0.8267752261191842], [0.6055579788242288, 0.7945921641516575, -0.0438500507536769]], "fy": 3192.689131824271, "fx": 3192.878062459705}, {"id": 67, "img_name": "DSCF5900", "width": 3115, "height": 2076, "position": [2.47158517726137, -1.1033535929954137, 2.752299897210865], "rotation": [[-0.7299975617414403, 0.44747990614072747, -0.5165900632530963], [-0.41788733203696815, 0.3058625648464581, 0.8554637743052425], [0.5408084111536886, 0.8403629126906017, -0.03628274244859605]], "fy": 3192.689131824271, "fx": 3192.878062459705}, {"id": 68, "img_name": "DSCF5901", "width": 3115, "height": 2076, "position": [2.45897221057369, -1.2120643391951444, 2.624613844135761], "rotation": [[-0.7164155074832785, 0.4754234411906435, -0.5106088250352933], [-0.4193502944424461, 0.29147200841278337, 0.8597612452668775], [0.5575788295734602, 0.8300702499657874, -0.009446106776077103]], "fy": 3192.689131824271, "fx": 3192.878062459705}, {"id": 69, "img_name": "DSCF5902", "width": 3115, "height": 2076, "position": [2.480638382061035, -1.272021778528816, 2.411845404557274], "rotation": [[-0.6915887099809239, 0.4854693947475841, -0.5348126054893765], [-0.43922833330215716, 0.3051357884497301, 0.8449678229564547], [0.5733964836407093, 0.8192750559919273, 0.0022034468212275247]], "fy": 3192.689131824271, "fx": 3192.878062459705}, {"id": 70, "img_name": "DSCF5903", "width": 3115, "height": 2076, "position": [2.486034240699569, -1.316902542785929, 2.2009916058882113], "rotation": [[-0.7109288346389985, 0.4507114380669079, -0.539851268104925], [-0.44480811393776065, 0.30640874551508873, 0.8415815007751786], [0.5447255582896472, 0.8384347799724969, -0.01735470767552249]], "fy": 3192.689131824271, "fx": 3192.878062459705}, {"id": 71, "img_name": "DSCF5904", "width": 3115, "height": 2076, "position": [2.441363955674471, -1.409788734548502, 2.0280085173000804], "rotation": [[-0.7175521145666707, 0.43621778925590526, -0.5429852697979843], [-0.44262126231704424, 0.3163372484098102, 0.839057306394132], [0.5377781894292156, 0.8424041699832691, -0.033909192987062124]], "fy": 3192.689131824271, "fx": 3192.878062459705}, {"id": 72, "img_name": "DSCF5906", "width": 3115, "height": 2076, "position": [2.3610194193679965, -1.6612574480361142, 1.7342700799545712], "rotation": [[-0.7366362372731229, 0.3864809958609254, -0.5549770209427078], [-0.44762280649534203, 0.3365144646207998, 0.8284876813847084], [0.5069525392394528, 0.8587144198971645, -0.0748910409818632]], "fy": 3192.689131824271, "fx": 3192.878062459705}, {"id": 73, "img_name": "DSCF5907", "width": 3115, "height": 2076, "position": [2.225272845187608, -1.8348548973266117, 1.6415265179997771], "rotation": [[-0.7679213194272645, 0.34170532330000813, -0.5417880759093223], [-0.44319878794362105, 0.32722682068775866, 0.8345642229258852], [0.46246262717585523, 0.8809994777813538, -0.09984106677408552]], "fy": 3192.689131824271, "fx": 3192.878062459705}, {"id": 74, "img_name": "DSCF5908", "width": 3115, "height": 2076, "position": [1.998682354759563, -2.0166485195350727, 1.7187487440413283], "rotation": [[-0.8528128729242438, 0.18283414511974258, -0.48916447045245476], [-0.417439763479861, 0.32414848327984785, 0.8489239098136249], [0.3137741984940367, 0.9281699392706633, -0.20011575698509523]], "fy": 3192.689131824271, "fx": 3192.878062459705}, {"id": 75, "img_name": "DSCF5909", "width": 3115, "height": 2076, "position": [1.8457658679942266, -2.1281415337983884, 2.0540588466270093], "rotation": [[-0.8950805573921211, 0.07689365963779843, -0.43922449941472524], [-0.38905370319509275, 0.34661383247748884, 0.8535198106461571], [0.21787154887408827, 0.9348509058896898, -0.2803315393394614]], "fy": 3192.689131824271, "fx": 3192.878062459705}, {"id": 76, "img_name": "DSCF5910", "width": 3115, "height": 2076, "position": [1.8212746364739154, -2.1488341537873215, 2.396337189978207], "rotation": [[-0.9103151142618705, 0.07284004757561165, -0.407456402840328], [-0.33788921782908127, 0.43781017334123873, 0.8331585254882566], [0.23907586499111266, 0.8961119235832636, -0.37393335126818233]], "fy": 3192.689131824271, "fx": 3192.878062459705}, {"id": 77, "img_name": "DSCF5911", "width": 3115, "height": 2076, "position": [1.7889287311200723, -2.0664217307315766, 2.621205667019357], "rotation": [[-0.9119576752590762, 0.08626113299041047, -0.40111371887691805], [-0.31606989550385334, 0.47564031040739435, 0.8208934865570202], [0.26159705597013844, 0.8754000868464477, -0.4064992844483094]], "fy": 3192.689131824271, "fx": 3192.878062459705}, {"id": 78, "img_name": "DSCF5912", "width": 3115, "height": 2076, "position": [1.786961514394455, -1.9422697635930373, 2.8266627404982216], "rotation": [[-0.9133986213018467, 0.09742072722046671, -0.395236841035499], [-0.315186313339288, 0.4451859089534309, 0.8381331006188072], [0.2576054084981001, 0.8901228613945059, -0.3759265156056216]], "fy": 3192.689131824271, "fx": 3192.878062459705}, {"id": 79, "img_name": "DSCF5914", "width": 3115, "height": 2076, "position": [1.787223665179161, -1.7921065990647962, 3.1539683919419166], "rotation": [[-0.907354864809968, 0.13840029424075112, -0.3969288448321156], [-0.30234945655981593, 0.4411464245632856, 0.8449701996005617], [0.292047864953107, 0.8866990417549252, -0.3584311006696108]], "fy": 3192.689131824271, "fx": 3192.878062459705}, {"id": 80, "img_name": "DSCF5915", "width": 3115, "height": 2076, "position": [1.7513184694179984, -1.7149250269526037, 3.289590030128985], "rotation": [[-0.9105513329727948, 0.1432251349336162, -0.38779225204317036], [-0.29137917783005785, 0.443072643355933, 0.8478117759483326], [0.2932480941942264, 0.8849707302689923, -0.36170756394996817]], "fy": 3192.689131824271, "fx": 3192.878062459705}, {"id": 81, "img_name": "DSCF5916", "width": 3115, "height": 2076, "position": [1.687633879955401, -1.6242477080596225, 3.4364536178582394], "rotation": [[-0.905501287610538, 0.1640813212219361, -0.39133711574769], [-0.2924065250373945, 0.4270496026838935, 0.8556442373808661], [0.3075155967609003, 0.8892164848188502, -0.33871551614178314]], "fy": 3192.689131824271, "fx": 3192.878062459705}, {"id": 82, "img_name": "DSCF5917", "width": 3115, "height": 2076, "position": [1.5965913082832828, -1.568363459309948, 3.573763027517358], "rotation": [[-0.9210264743371003, 0.15268694972061891, -0.35832517209258813], [-0.2720385617426955, 0.4062288856904838, 0.8723377289534331], [0.2787566223341346, 0.9009244073814856, -0.33261082016251853]], "fy": 3192.689131824271, "fx": 3192.878062459705}, {"id": 83, "img_name": "DSCF5918", "width": 3115, "height": 2076, "position": [1.3686278628143957, -1.5357065782495976, 3.8134112316504307], "rotation": [[-0.9672078467099771, 0.0713643546645122, -0.24375420026323014], [-0.19964720488838075, 0.3796321742930354, 0.903338477992496], [0.15700310456454716, 0.9223809089117466, -0.3529355239023604]], "fy": 3192.689131824271, "fx": 3192.878062459705}, {"id": 84, "img_name": "DSCF5919", "width": 3115, "height": 2076, "position": [1.0412701257581052, -1.6294890560025361, 4.128048441122617], "rotation": [[-0.9938957671495394, -0.014214538529385475, -0.10940361482430518], [-0.10932449373033049, 0.2600288179637704, 0.9593920829874358], [0.014810776915315403, 0.9654962251209276, -0.2599955387394246]], "fy": 3192.689131824271, "fx": 3192.878062459705}, {"id": 85, "img_name": "DSCF5920", "width": 3115, "height": 2076, "position": [0.8266391198913934, -1.8140411981116509, 4.189331988059006], "rotation": [[-0.9954839242359205, -0.026086003895484475, -0.09127582915874394], [-0.0947299518896864, 0.2105424587045891, 0.972984125922722], [-0.006163830207682734, 0.977236610797708, -0.21206275890353685]], "fy": 3192.689131824271, "fx": 3192.878062459705}, {"id": 86, "img_name": "DSCF5922", "width": 3115, "height": 2076, "position": [0.8007951085859883, -2.1237772758857707, 3.945584201042119], "rotation": [[-0.9969409502363475, -0.031017761914675993, -0.07174008773100327], [-0.07583798046781297, 0.16189741799585414, 0.983889133370645], [-0.018903503918882104, 0.9863199909218507, -0.1637544901598382]], "fy": 3192.689131824271, "fx": 3192.878062459705}, {"id": 87, "img_name": "DSCF5923", "width": 3115, "height": 2076, "position": [0.6712295908878709, -2.286479547580146, 3.79890948344886], "rotation": [[-0.9947547993830327, -0.10040885468811615, -0.01951796620150103], [-0.03821893524097981, 0.1878570601490309, 0.9814525143587994], [-0.09487993514683679, 0.9770505549112515, -0.19070923169618145]], "fy": 3192.689131824271, "fx": 3192.878062459705}, {"id": 88, "img_name": "DSCF5924", "width": 3115, "height": 2076, "position": [0.4487064962365712, -2.444228905577753, 3.6592280096828653], "rotation": [[-0.981177386052269, -0.18040880915983276, 0.06887378802685168], [0.02328165280721777, 0.24354311670754591, 0.9696105996465484], [-0.19170003062649943, 0.9529634892701323, -0.23475878338390976]], "fy": 3192.689131824271, "fx": 3192.878062459705}, {"id": 89, "img_name": "DSCF5925", "width": 3115, "height": 2076, "position": [0.3350388832301198, -2.5423091391667763, 3.518875319024341], "rotation": [[-0.9750322662973804, -0.2053018596871448, 0.08463584399056083], [0.022525738966994387, 0.2877277320952383, 0.9574473057392358], [-0.22091779186608185, 0.9354485013042305, -0.2759192466006747]], "fy": 3192.689131824271, "fx": 3192.878062459705}, {"id": 90, "img_name": "DSCF5926", "width": 3115, "height": 2076, "position": [0.42230643172281285, -2.6339074460100758, 3.3278985022382974], "rotation": [[-0.9748884642657927, -0.19576162973500105, 0.10615962775453197], [0.036004910135093174, 0.33187810796325984, 0.9426349070031785], [-0.2197638020413014, 0.9227861647089337, -0.31649575910923133]], "fy": 3192.689131824271, "fx": 3192.878062459705}, {"id": 91, "img_name": "DSCF5927", "width": 3115, "height": 2076, "position": [0.4915577677523604, -2.772917703712954, 3.171623380375364], "rotation": [[-0.9730454084148724, -0.1968681691985487, 0.12010644078960087], [0.03927458445738037, 0.3717387133622928, 0.9275062458029311], [-0.22724467029709272, 0.9072228243073245, -0.35398673262907326]], "fy": 3192.689131824271, "fx": 3192.878062459705}, {"id": 92, "img_name": "DSCF5928", "width": 3115, "height": 2076, "position": [0.452550152764528, -2.8426223229611183, 3.0046105114137913], "rotation": [[-0.965745108484857, -0.22338831144989144, 0.13203805415537218], [0.03908598382978066, 0.3778005996190084, 0.9250616156751805], [-0.2565320083452138, 0.8985345676350376, -0.35612772913561047]], "fy": 3192.689131824271, "fx": 3192.878062459705}, {"id": 93, "img_name": "DSCF5930", "width": 3115, "height": 2076, "position": [0.019555244541475933, -2.9302096025811903, 2.5917231048663205], "rotation": [[-0.8943355455998593, -0.3681156495208946, 0.25427308244171437], [0.09839696025136843, 0.39258528772307866, 0.9144368923423191], [-0.43644240180107574, 0.8428331154156183, -0.31488151655648294]], "fy": 3192.689131824271, "fx": 3192.878062459705}, {"id": 94, "img_name": "DSCF5931", "width": 3115, "height": 2076, "position": [-0.19772080927224728, -2.854957392257135, 2.56488985142085], "rotation": [[-0.8710262741203284, -0.41855539736763664, 0.2571470573941654], [0.07570211872009977, 0.40284616505684995, 0.9121316552561243], [-0.48536833334422047, 0.813957214252327, -0.3192040638106675]], "fy": 3192.689131824271, "fx": 3192.878062459705}, {"id": 95, "img_name": "DSCF5932", "width": 3115, "height": 2076, "position": [-0.35609657395391653, -2.7917286616790458, 2.691487829514931], "rotation": [[-0.8567457823561676, -0.42174121285279015, 0.29685183812194155], [0.11082889236942457, 0.4115847458307431, 0.9046076241197667], [-0.5036900048949595, 0.8079185270687261, -0.3058823835856119]], "fy": 3192.689131824271, "fx": 3192.878062459705}, {"id": 96, "img_name": "DSCF5933", "width": 3115, "height": 2076, "position": [-0.5363634972156074, -2.704228433655506, 2.843140172167256], "rotation": [[-0.8614833794045017, -0.38404160304672025, 0.33220239935783746], [0.14138912590420175, 0.44692731952722986, 0.8833261493560864], [-0.48770431829731076, 0.8079406031321303, -0.3307211510088891]], "fy": 3192.689131824271, "fx": 3192.878062459705}, {"id": 97, "img_name": "DSCF5934", "width": 3115, "height": 2076, "position": [-0.7108018228804377, -2.5881058254146585, 2.972383634375867], "rotation": [[-0.8664996429438879, -0.3635525284519119, 0.34206421595123815], [0.1619796056125139, 0.4433959026293201, 0.8815683075616685], [-0.4721662590060072, 0.8192860505267692, -0.3253142961330156]], "fy": 3192.689131824271, "fx": 3192.878062459705}, {"id": 98, "img_name": "DSCF5935", "width": 3115, "height": 2076, "position": [-0.8910363297108175, -2.451349873465937, 3.052766123817654], "rotation": [[-0.8672945941334138, -0.3390525471058692, 0.36447696400181384], [0.19220982054610458, 0.447309218039945, 0.8734814527751161], [-0.45919001717436264, 0.8276217939116365, -0.3227796374771701]], "fy": 3192.689131824271, "fx": 3192.878062459705}, {"id": 99, "img_name": "DSCF5936", "width": 3115, "height": 2076, "position": [-1.0450149823335162, -2.3354001303121206, 3.1350009293659236], "rotation": [[-0.8213503698314819, -0.37446067700860763, 0.4303054396030143], [0.24393393465626378, 0.451330527348111, 0.858368796384625], [-0.5156353415940396, 0.8099876273486719, -0.27935682923685085]], "fy": 3192.689131824271, "fx": 3192.878062459705}, {"id": 100, "img_name": "DSCF5938", "width": 3115, "height": 2076, "position": [-1.284171265447309, -2.244653643515341, 3.506550039339377], "rotation": [[-0.8402498683390813, -0.35494093139894095, 0.409874485634089], [0.2368987053433283, 0.43964410851650715, 0.8663671630742827], [-0.487708070635305, 0.82