[{"id": 0, "img_name": "DSC07956", "width": 5187, "height": 3361, "position": [0.32511876709066195, 2.9957802654512298, -3.225355003982969], "rotation": [[0.9999338259558068, -0.010638588983250229, -0.004377685898681347], [0.008907733496057774, 0.9568136992250932, -0.2905653063584087], [0.007279834705902121, 0.2905070832176699, 0.9568451487085131]], "fy": 3852.356179237937, "fx": 3844.898776958602}, {"id": 1, "img_name": "DSC07964", "width": 5187, "height": 3361, "position": [-3.747014766310446, 1.023277531795199, 0.46018699117578293], "rotation": [[0.1057292030615031, -0.1670321337148854, 0.9802660873082532], [0.46648239145915427, 0.878922003018659, 0.09944994252495384], [-0.8781887690459993, 0.4467621055061864, 0.1708452721182278]], "fy": 3852.356179237937, "fx": 3844.898776958602}, {"id": 2, "img_name": "DSC07972", "width": 5187, "height": 3361, "position": [-0.47236299183309893, -0.9504314080741729, 3.9417882069182895], "rotation": [[-0.9705549123760506, -0.041227128665984526, 0.23732569587947053], [0.11793442557389681, 0.7777537405131596, 0.6174063413849452], [-0.21003483836561868, 0.6272156271807543, -0.7499906157366114]], "fy": 3852.356179237937, "fx": 3844.898776958602}, {"id": 3, "img_name": "DSC07980", "width": 5187, "height": 3361, "position": [3.71851275043758, 0.454774024269242, 1.2406609955442738], "rotation": [[-0.209009666145897, 0.24394954290361293, -0.9469971383138907], [-0.4726081537302889, 0.8225890889635181, 0.3162099361908429], [0.8561287826520187, 0.5136495023216587, -0.056636527784497875]], "fy": 3852.356179237937, "fx": 3844.898776958602}, {"id": 4, "img_name": "DSC07988", "width": 5187, "height": 3361, "position": [0.9254777855307261, 2.9276458372690697, -3.282922615677503], "rotation": [[0.99408524569965, 0.03585740869830666, -0.1025122945002652], [-0.06923971387773264, 0.9364601843788786, -0.3438723383687706], [0.08366831123188885, 0.34893633991678075, 0.9334040091948849]], "fy": 3852.356179237937, "fx": 3844.898776958602}, {"id": 5, "img_name": "DSC07996", "width": 5187, "height": 3361, "position": [-3.30326227674897, 1.1459637860858836, -0.799459662873427], "rotation": [[0.36549841546762224, -0.2748316545002842, 0.8893134823982448], [0.4332196102912675, 0.8958562124491365, 0.09880493851710967], [-0.8238517327466996, 0.34915499180295834, 0.4464964883953024]], "fy": 3852.356179237937, "fx": 3844.898776958602}, {"id": 6, "img_name": "DSC08004", "width": 5187, "height": 3361, "position": [-1.8524691897562915, -0.9337400134986702, 2.966285978095529], "rotation": [[-0.7869124738743972, -0.22276813060234513, 0.5754503614116618], [0.2907429232325243, 0.6887050628532992, 0.6641941651282698], [-0.5442768698475824, 0.6899707938660659, -0.47718234728534126]], "fy": 3852.356179237937, "fx": 3844.898776958602}, {"id": 7, "img_name": "DSC08012", "width": 5187, "height": 3361, "position": [2.8764376287807716, -0.8444176106440944, 2.694509536324592], "rotation": [[-0.7198227086256263, 0.21879935037091752, -0.658773187390114], [-0.3594260751520359, 0.6944196324865103, 0.6233732994908451], [0.5938587076465822, 0.6854985180834194, -0.42121682902961743]], "fy": 3852.356179237937, "fx": 3844.898776958602}, {"id": 8, "img_name": "DSC08020", "width": 5187, "height": 3361, "position": [2.4611484748512664, 1.6374903559333274, -1.9821265191793036], "rotation": [[0.80331268735978, 0.23637146601763173, -0.5466417989684688], [-0.29380927440025306, 0.9556846221827656, -0.01852061553461891], [0.5180394160710216, 0.1754862757484468, 0.837161711033618]], "fy": 3852.356179237937, "fx": 3844.898776958602}, {"id": 9, "img_name": "DSC08028", "width": 5187, "height": 3361, "position": [-2.033758615443961, 1.5961105689422388, -2.6100663204447683], "rotation": [[0.813998439752609, -0.1859235304932058, 0.5503080781610062], [0.2518135710186353, 0.9666878158227703, -0.045875834495346456], [-0.5234467169933927, 0.17591790002368615, 0.8337004419574787]], "fy": 3852.356179237937, "fx": 3844.898776958602}, {"id": 10, "img_name": "DSC08036", "width": 5187, "height": 3361, "position": [-2.535996145213771, -0.9650273765416633, 2.2170531281701136], "rotation": [[-0.6221745754642246, -0.346111238588924, 0.702214930180463], [0.36416157604023397, 0.6660710040292478, 0.6509498937148408], [-0.6930260775626012, 0.6607241694640136, -0.28837203003114703]], "fy": 3852.356179237937, "fx": 3844.898776958602}, {"id": 11, "img_name": "DSC08044", "width": 5187, "height": 3361, "position": [3.096029281252965, -0.9865959915653958, 2.2524852704875227], "rotation": [[-0.6779486348735319, 0.32545749909121835, -0.6591381226711163], [-0.3538140130195729, 0.6414978814831768, 0.6806585871371796], [0.6443611508029479, 0.6946638642810532, -0.3197511892050044]], "fy": 3852.356179237937, "fx": 3844.898776958602}, {"id": 12, "img_name": "DSC08052", "width": 5187, "height": 3361, "position": [1.7138388006271879, 1.6504310080684725, -2.5593552797433228], "rotation": [[0.9177003465922194, 0.20175644272631657, -0.34222859565346503], [-0.21313704649468446, 0.9770121832255969, 0.004448959459824055], [0.3352591136360697, 0.06885878046534787, 0.9396061914849124]], "fy": 3852.356179237937, "fx": 3844.898776958602}, {"id": 13, "img_name": "DSC08060", "width": 5187, "height": 3361, "position": [-2.9437818969143037, 0.6461493070316483, -1.825530234186186], "rotation": [[0.5458772156980146, -0.3529797437016748, 0.7598837844816029], [0.35948718144824304, 0.9178792436501306, 0.16812691768619964], [-0.7568269496761998, 0.18139182620108366, 0.6279410590423712]], "fy": 3852.356179237937, "fx": 3844.898776958602}, {"id": 14, "img_name": "DSC08068", "width": 5187, "height": 3361, "position": [-1.354359206030579, -1.849221587830189, 3.0381054886127083], "rotation": [[-0.87793048451505, -0.25627019703586323, 0.404430031612848], [0.21787757229813395, 0.538330149131371, 0.8140823140356676], [-0.4263419142526815, 0.8028239138487316, -0.416780920273425]], "fy": 3852.356179237937, "fx": 3844.898776958602}, {"id": 15, "img_name": "DSC08076", "width": 5187, "height": 3361, "position": [3.6250135610410394, -0.7444772261273279, 1.000739275839893], "rotation": [[-0.28324911601720926, 0.48511973033257577, -0.8273021126030791], [-0.46514389541620976, 0.6848883656065285, 0.5608645854516503], [0.8386960682109477, 0.543678925376795, 0.03165645698163521]], "fy": 3852.356179237937, "fx": 3844.898776958602}, {"id": 16, "img_name": "DSC08084", "width": 5187, "height": 3361, "position": [-0.3229460107503043, 1.0044398216389665, -3.2761388855372937], "rotation": [[0.9868600244736969, -0.046495586841086844, 0.15474318240257845], [0.0333859894413838, 0.9957126579484153, 0.08626516394421085], [-0.1580906948709965, -0.07996538754739278, 0.9841813191630903]], "fy": 3852.356179237937, "fx": 3844.898776958602}, {"id": 17, "img_name": "DSC08092", "width": 5187, "height": 3361, "position": [-3.067429723583009, -0.8532869998534832, 0.4321151937707968], "rotation": [[-0.13859753799919924, -0.541200220698059, 0.8293931779180079], [0.4437293766284286, 0.7147734048450786, 0.5405582485201013], [-0.8853784291349697, 0.44294616020747446, 0.14108060242268494]], "fy": 3852.356179237937, "fx": 3844.898776958602}, {"id": 18, "img_name": "DSC08100", "width": 5187, "height": 3361, "position": [1.3282266137047822, -2.1377501292351324, 2.801298166909384], "rotation": [[-0.9421363297115161, 0.16538106765954633, -0.2915960196873425], [-0.20658114609186473, 0.3986300127289688, 0.8935425804241639], [0.2640139509894963, 0.9020771671046166, -0.34139920660632]], "fy": 3852.356179237937, "fx": 3844.898776958602}, {"id": 19, "img_name": "DSC08108", "width": 5187, "height": 3361, "position": [3.031529505653127, -0.0537913821049901, -1.18015447121763], "rotation": [[0.43377239196056017, 0.5907858416468608, -0.6803040506144472], [-0.459672913068371, 0.7944877796766819, 0.3968500736243523], [0.7749466594315069, 0.1405747390323958, 0.6161951134031508]], "fy": 3852.356179237937, "fx": 3844.898776958602}, {"id": 20, "img_name": "DSC08116", "width": 5187, "height": 3361, "position": [-1.6650141020692053, 0.579524520075829, -3.329908294085433], "rotation": [[0.8507691396020528, -0.2988185629990098, 0.4323185602168727], [0.24895386291216032, 0.9536178263451276, 0.16921883883866876], [-0.4628324159368013, -0.03633879034861875, 0.8857006531972882]], "fy": 3852.356179237937, "fx": 3844.898776958602}, {"id": 21, "img_name": "DSC08124", "width": 5187, "height": 3361, "position": [-2.2984756861110545, -2.204422561193583, 1.8019589958829576], "rotation": [[-0.6573204024105815, -0.4779474603885055, 0.5826629503263171], [0.3396374864852179, 0.5023108796903472, 0.7951919000585411], [-0.6727378882958756, 0.7205900396570074, -0.16785031545492685]], "fy": 3852.356179237937, "fx": 3844.898776958602}, {"id": 22, "img_name": "DSC08132", "width": 5187, "height": 3361, "position": [3.5957288758021573, -1.6155347651511074, 0.8124792509142044], "rotation": [[-0.3389997098197342, 0.5724696678103721, -0.7465639129901862], [-0.47238105181594753, 0.5826895371368794, 0.6613085854549814], [0.8135940871389096, 0.576846065036671, 0.07289223980859208]], "fy": 3852.356179237937, "fx": 3844.898776958602}, {"id": 23, "img_name": "DSC08140", "width": 5187, "height": 3361, "position": [0.2590876889484415, 1.0667038238558155, -3.9908763840651322], "rotation": [[0.9995883138044335, 0.01434163849257928, 0.024849955954841827], [-0.014885650751784562, 0.9996505024299279, 0.021846976753976174], [-0.024527949512857895, -0.0222078904207727, 0.9994524447394951]], "fy": 3852.356179237937, "fx": 3844.898776958602}, {"id": 24, "img_name": "DSC07957", "width": 5187, "height": 3361, "position": [-0.4628175928298152, 2.9359356929730334, -3.11973909527305], "rotation": [[0.9805882260114661, -0.025945141854591392, 0.19435426576700374], [0.07992926296206773, 0.9580056543857286, -0.27538423899582987], [-0.17904760241351075, 0.2855731356047288, 0.9414828412089391]], "fy": 3852.356179237937, "fx": 3844.898776958602}, {"id": 25, "img_name": "DSC07958", "width": 5187, "height": 3361, "position": [-1.1916220814195986, 2.8252909513038142, -2.905461196236205], "rotation": [[0.9402466524023904, -0.05656847214483892, 0.33576217864032415], [0.15283840515192473, 0.9512953688672486, -0.26772662004802833], [-0.3042641197326994, 0.3030464141528881, 0.9030981210878261]], "fy": 3852.356179237937, "fx": 3844.898776958602}, {"id": 26, "img_name": "DSC07959", "width": 5187, "height": 3361, "position": [-1.8738329883641658, 2.5912604425403654, -2.526694008900691], "rotation": [[0.8634548172747625, -0.08459594092417483, 0.49728191733076327], [0.2217601089046152, 0.9491202241176162, -0.22359171332931574], [-0.45306537345467013, 0.3033386341204813, 0.8382824347594914]], "fy": 3852.356179237937, "fx": 3844.898776958602}, {"id": 27, "img_name": "DSC07960", "width": 5187, "height": 3361, "position": [-2.4083746017810332, 2.4120876867894188, -2.1613769856273404], "rotation": [[0.7553772729326289, -0.11374692435558291, 0.6453423996116402], [0.30244951800774816, 0.9341655753861923, -0.18936463983612364], [-0.5813170086912522, 0.33822524294178474, 0.7400501472489721]], "fy": 3852.356179237937, "fx": 3844.898776958602}, {"id": 28, "img_name": "DSC07961", "width": 5187, "height": 3361, "position": [-2.9522982688998973, 2.078797742396649, -1.55236135232571], "rotation": [[0.6388209778944318, -0.1216213464805779, 0.7596815163489585], [0.3432836247965546, 0.9287417903251161, -0.13998228405850677], [-0.688523137700208, 0.35020984421336504, 0.6350503553794066]], "fy": 3852.356179237937, "fx": 3844.898776958602}, {"id": 29, "img_name": "DSC07962", "width": 5187, "height": 3361, "position": [-3.4166628460181556, 1.7659905606502877, -0.9752561451985035], "rotation": [[0.4717126755843022, -0.14330885340132266, 0.8700285766742935], [0.3995722037411192, 0.91432013899398, -0.06603587984947555], [-0.7860211229289988, 0.37878919726785637, 0.4885586334746409]], "fy": 3852.356179237937, "fx": 3844.898776958602}, {"id": 30, "img_name": "DSC07963", "width": 5187, "height": 3361, "position": [-3.662063951762298, 1.36055354160916, -0.22807816223245675], "rotation": [[0.2842840325369683, -0.14993846184515225, 0.9469430006626741], [0.4482973503348655, 0.89385748526526, 0.006948504731552768], [-0.8474739373734501, 0.42253668917003573, 0.321326425583029]], "fy": 3852.356179237937, "fx": 3844.898776958602}, {"id": 31, "img_name": "DSC07965", "width": 5187, "height": 3361, "position": [-3.7346203373672955, 0.6555005536877767, 1.1100677762300206], "rotation": [[-0.07098976612073733, -0.1603439942172579, 0.9845050820714837], [0.4634058797166171, 0.8687144974784123, 0.1749002930669294], [-0.8832980492167922, 0.4686415745420861, 0.01263451069583826]], "fy": 3852.356179237937, "fx": 3844.898776958602}, {"id": 32, "img_name": "DSC07966", "width": 5187, "height": 3361, "position": [-3.538971221974743, 0.3646233908025395, 1.6378282621718097], "rotation": [[-0.2163016919441152, -0.1504254138179412, 0.9646687374118714], [0.45647271935509226, 0.8578349364630419, 0.23611835648254018], [-0.8630447465494936, 0.49141776184947766, -0.11688605046013778]], "fy": 3852.356179237937, "fx": 3844.898776958602}, {"id": 33, "img_name": "DSC07967", "width": 5187, "height": 3361, "position": [-3.3926089979415264, -0.006524345118665277, 2.266995305583914], "rotation": [[-0.4344259255442784, -0.1473112040052925, 0.8885794980695361], [0.43257695294266546, 0.8311907496049452, 0.3492837207114129], [-0.79003246452145, 0.5361169153698477, -0.29736737893804605]], "fy": 3852.356179237937, "fx": 3844.898776958602}, {"id": 34, "img_name": "DSC07968", "width": 5187, "height": 3361, "position": [-3.0621130680616253, -0.332872176683633, 2.864568300633557], "rotation": [[-0.5989403447145206, -0.12765593023616953, 0.7905532410589364], [0.38695984767387687, 0.8181660187025497, 0.4252839547039473], [-0.7010938166618366, 0.5606320801701927, -0.44063491795655674]], "fy": 3852.356179237937, "fx": 3844.898776958602}, {"id": 35, "img_name": "DSC07969", "width": 5187, "height": 3361, "position": [-2.4759616852749526, -0.5278415018304657, 3.253473466698903], "rotation": [[-0.7260783982129685, -0.12611338365977515, 0.6759479078378536], [0.32940154597389826, 0.799102267874691, 0.502921650943297], [-0.6035766572346011, 0.587818832583142, -0.5386689511212769]], "fy": 3852.356179237937, "fx": 3844.898776958602}, {"id": 36, "img_name": "DSC07970", "width": 5187, "height": 3361, "position": [-1.7551479287700156, -0.6922696795751865, 3.569477404098061], "rotation": [[-0.8540425398528032, -0.10548664210071255, 0.5093956305859805], [0.24973341540756605, 0.7758661796328058, 0.5793659400852512], [-0.4563382093915045, 0.6220162695945427, -0.6362791832278065]], "fy": 3852.356179237937, "fx": 3844.898776958602}, {"id": 37, "img_name": "DSC07971", "width": 5187, "height": 3361, "position": [-1.168346062303603, -0.821798113177697, 3.7371951855175025], "rotation": [[-0.9284014510241649, -0.04844196236621072, 0.36840754880747933], [0.1898903119954422, 0.7903705215109076, 0.582456958183907], [-0.3193938245278049, 0.6107109095215891, -0.7245824796700612]], "fy": 3852.356179237937, "fx": 3844.898776958602}, {"id": 38, "img_name": "DSC07973", "width": 5187, "height": 3361, "position": [0.22123760903516096, -1.032332354485037, 4.08156285807665], "rotation": [[-0.9990657965474656, -0.004287501928220897, 0.043001761547547965], [0.02418422438369555, 0.7691859106168719, 0.638567269909328], [-0.03581420751511526, 0.6390106824112638, -0.7683636445748552]], "fy": 3852.356179237937, "fx": 3844.898776958602}, {"id": 39, "img_name": "DSC07974", "width": 5187, "height": 3361, "position": [0.8911700109503229, -1.0185269621700863, 4.052108452453292], "rotation": [[-0.989720192909148, 0.03297796382373998, -0.13916319071478223], [-0.062154282245529956, 0.7771751944796457, 0.6262072837999156], [0.128805220959485, 0.6284195819574411, -0.7671362617332164]], "fy": 3852.356179237937, "fx": 3844.898776958602}, {"id": 40, "img_name": "DSC07975", "width": 5187, "height": 3361, "position": [1.5227100503400297, -0.9077917783809625, 3.850870690229902], "rotation": [[-0.947644757452405, 0.05946028247375064, -0.3137417544432268], [-0.14321322697746766, 0.7990204861250285, 0.5840002006602596], [0.2854109060489325, 0.5983566975982344, -0.7486720758433977]], "fy": 3852.356179237937, "fx": 3844.898776958602}, {"id": 41, "img_name": "DSC07976", "width": 5187, "height": 3361, "position": [2.107967106450911, -0.6803459900618636, 3.441820269087384], "rotation": [[-0.876630170435984, 0.093289623130627, -0.4720345225696123], [-0.2296380305825954, 0.780974416913321, 0.5808143722714211], [0.42283083992481335, 0.6175564802858468, -0.6632028908753581]], "fy": 3852.356179237937, "fx": 3844.898776958602}, {"id": 42, "img_name": "DSC07977", "width": 5187, "height": 3361, "position": [2.8986381686247475, -0.4584506500526414, 3.0602632596241928], "rotation": [[-0.7452338156467189, 0.1432908318819929, -0.6512252279474426], [-0.3080161709976085, 0.792220532011522, 0.5267947105499003], [0.5913988488495765, 0.5931731333750268, -0.5462536365292664]], "fy": 3852.356179237937, "fx": 3844.898776958602}, {"id": 43, "img_name": "DSC07978", "width": 5187, "height": 3361, "position": [3.2842754659868314, -0.168699912530121, 2.5010081634906123], "rotation": [[-0.5680181195898462, 0.180178757081511, -0.8030510764043451], [-0.38344308493274143, 0.8054365758347651, 0.4519328743572779], [0.7282354127855073, 0.564630443568296, -0.3884142707998661]], "fy": 3852.356179237937, "fx": 3844.898776958602}, {"id": 44, "img_name": "DSC07979", "width": 5187, "height": 3361, "position": [3.6538713214202496, 0.24007786854063484, 1.7951108750511462], "rotation": [[-0.379998192787655, 0.18195662725174006, -0.906914085940497], [-0.44209533666170747, 0.8254989644393753, 0.35086061764109466], [0.8124980534007987, 0.5342688887710852, -0.23324593825235646]], "fy": 3852.356179237937, "fx": 3844.898776958602}, {"id": 45, "img_name": "DSC07981", "width": 5187, "height": 3361, "position": [3.5874264425311595, 0.826540303234151, 0.5948060911176798], "rotation": [[-0.019972908062360645, 0.2561724250364749, -0.966424736642468], [-0.4811940660336907, 0.844836609847095, 0.2338875231303101], [0.8763865321634606, 0.469709262536943, 0.10639480687281982]], "fy": 3852.356179237937, "fx": 3844.898776958602}, {"id": 46, "img_name": "DSC07982", "width": 5187, "height": 3361, "position": [3.522469103448027, 1.1730210986742327, -0.08720786872436752], "rotation": [[0.2545884189307793, 0.2612541571208105, -0.9310912964545534], [-0.46062942816579455, 0.8793362113027602, 0.120782272703244], [0.850297163851544, 0.39813828361362397, 0.34421016874464694]], "fy": 3852.356179237937, "fx": 3844.898776958602}, {"id": 47, "img_name": "DSC07983", "width": 5187, "height": 3361, "position": [3.3589166292863872, 1.5496459061718588, -0.7519064506072948], "rotation": [[0.47062444548243754, 0.2015330936062245, -0.8590093384217966], [-0.42819359175638716, 0.9034032477366846, -0.022645528423401902], [0.7714680027668759, 0.37847983322802736, 0.5114588317221358]], "fy": 3852.356179237937, "fx": 3844.898776958602}, {"id": 48, "img_name": "DSC07984", "width": 5187, "height": 3361, "position": [3.0924933784503574, 1.9305824165890373, -1.4010476073550622], "rotation": [[0.6575960899196381, 0.16519841876849262, -0.735035281438104], [-0.37790560927839956, 0.9163659513816037, -0.13213929629148913], [0.6517321021695376, 0.3646682404390024, 0.6650280756605672]], "fy": 3852.356179237937, "fx": 3844.898776958602}, {"id": 49, "img_name": "DSC07985", "width": 5187, "height": 3361, "position": [2.7147773917504257, 2.2319503377905034, -1.9842851703516917], "rotation": [[0.7908790042278683, 0.12658187100574228, -0.5987381987181221], [-0.30812432351559094, 0.9276794746786827, -0.21087957112518657], [0.5287436069869735, 0.3512660276664522, 0.7726851725494907]], "fy": 3852.356179237937, "fx": 3844.898776958602}, {"id": 50, "img_name": "DSC07986", "width": 5187, "height": 3361, "position": [2.348563093400602, 2.522550103328651, -2.53147492274876], "rotation": [[0.8804804892705896, 0.09013201100825805, -0.46543563314966574], [-0.23824530935743182, 0.9329086377894911, -0.2700382308247069], [0.409869833707001, 0.34865125000401664, 0.8428813826913203]], "fy": 3852.356179237937, "fx": 3844.898776958602}, {"id": 51, "img_name": "DSC07987", "width": 5187, "height": 3361, "position": [1.8495075905732352, 2.7624070037815525, -2.9836502187628877], "rotation": [[0.9402184219854265, 0.06122491466239889, -0.33502362421748116], [-0.17766392960493058, 0.9274258943189466, -0.32911508422440366], [0.2905595413621248, 0.36896167873003294, 0.8828603697936315]], "fy": 3852.356179237937, "fx": 3844.898776958602}, {"id": 52, "img_name": "DSC07989", "width": 5187, "height": 3361, "position": [0.04734737765764301, 2.5771725654747293, -3.5780033909571336], "rotation": [[0.9987405523160202, -0.010032315385694105, 0.049159554590058024], [0.019423063556835367, 0.9807174559976295, -0.19446340556414363], [-0.046260715099942666, 0.19517331823161546, 0.9796771519683933]], "fy": 3852.356179237937, "fx": 3844.898776958602}, {"id": 53, "img_name": "DSC07990", "width": 5187, "height": 3361, "position": [-0.7512165799025871, 2.5126206229498993, -3.3865521502395857], "rotation": [[0.9643722717051838, -0.07312826250025746, 0.25424078899711705], [0.11982915115074559, 0.9775423166674383, -0.17335510854586714], [-0.23585397198409633, 0.19764431777349697, 0.9514776022330604]], "fy": 3852.356179237937, "fx": 3844.898776958602}, {"id": 54, "img_name": "DSC07991", "width": 5187, "height": 3361, "position": [-1.338774991579413, 2.4083596570692993, -3.181125249456953], "rotation": [[0.9230566511110677, -0.07844995664063582, 0.3765793716372454], [0.15367027333668015, 0.9726743065117243, -0.17404062900531675], [-0.35263559935470257, 0.21851841513936218, 0.9098889142707097]], "fy": 3852.356179237937, "fx": 3844.898776958602}, {"id": 55, "img_name": "DSC07992", "width": 5187, "height": 3361, "position": [-1.9120608977053801, 2.18065306240479, -2.7986726611308352], "rotation": [[0.8569539286415659, -0.12816947832679684, 0.4992019120668735], [0.23057048647051193, 0.9615923665658134, -0.14892068805612466], [-0.4609416611183429, 0.24271939639796988, 0.8535924552487961]], "fy": 3852.356179237937, "fx": 3844.898776958602}, {"id": 56, "img_name": "DSC07993", "width": 5187, "height": 3361, "position": [-2.355096741134431, 1.9710725823717072, -2.387824438105322], "rotation": [[0.7758061707954224, -0.16233342161099157, 0.609731617667816], [0.2757758724443019, 0.9563896137989245, -0.09626304999909589], [-0.5675142760612528, 0.24283073702810434, 0.7867406050414963]], "fy": 3852.356179237937, "fx": 3844.898776958602}, {"id": 57, "img_name": "DSC07994", "width": 5187, "height": 3361, "position": [-2.7463907133036596, 1.7359436925382221, -1.9422168011838035], "rotation": [[0.6694825294717979, -0.1948007498142666, 0.7168303917970016], [0.3387434424223502, 0.9388846981872755, -0.06122420865674617], [-0.6610945643006749, 0.283810132626706, 0.6945543792033223]], "fy": 3852.356179237937, "fx": 3844.898776958602}, {"id": 58, "img_name": "DSC07995", "width": 5187, "height": 3361, "position": [-3.109037915040423, 1.4601884025582972, -1.4346016867674323], "rotation": [[0.5324473426557965, -0.22370885466114382, 0.8163664469127696], [0.39114464753285133, 0.9203246010809291, -0.0029143355384256414], [-0.7506701619254506, 0.32086909634838356, 0.5775269093327076]], "fy": 3852.356179237937, "fx": 3844.898776958602}, {"id": 59, "img_name": "DSC07997", "width": 5187, "height": 3361, "position": [-3.550024799547984, 0.8536478316675976, -0.27649833835121446], "rotation": [[0.12333117595748366, -0.2623130679765575, 0.957069106912176], [0.4268038937910169, 0.8846978926207972, 0.1874781988316152], [-0.8958950034919106, 0.38535891472891376, 0.22106707026869304]], "fy": 3852.356179237937, "fx": 3844.898776958602}, {"id": 60, "img_name": "DSC07998", "width": 5187, "height": 3361, "position": [-3.5395726189197028, 0.5628352494473818, 0.31100382179803593], "rotation": [[0.05900818359975792, -0.31406902473388687, 0.94756460569766], [0.4801017082861796, 0.8411595311966362, 0.24890358128750792], [-0.8752259045349087, 0.4402400376837163, 0.200420371348051]], "fy": 3852.356179237937, "fx": 3844.898776958602}, {"id": 61, "img_name": "DSC07999", "width": 5187, "height": 3361, "position": [-3.540745669756193, 0.25092533885269386, 0.8439513631115529], "rotation": [[-0.10254371270422999, -0.3116639363630829, 0.944642989576221], [0.4747695748714612, 0.819167954418928, 0.32180384278234025], [-0.8741159178056443, 0.48148671136779814, 0.06396803119542069]], "fy": 3852.356179237937, "fx": 3844.898776958602}, {"id": 62, "img_name": "DSC08000", "width": 5187, "height": 3361, "position": [-3.335754923741123, -0.05476850259630798, 1.4019020131956237], "rotation": [[-0.3096485050426786, -0.3277340048667329, 0.8925851362076597], [0.4515555774234665, 0.7754302075620836, 0.44136782132138197], [-0.8367887211372975, 0.5397206826259634, -0.09212068672763037]], "fy": 3852.356179237937, "fx": 3844.898776958602}, {"id": 63, "img_name": "DSC08001", "width": 5187, "height": 3361, "position": [-3.117483218497094, -0.31662390147100306, 1.8556302177766417], "rotation": [[-0.44089224849684144, -0.3123704757463248, 0.8414503616360345], [0.41400291459016086, 0.7610271470925031, 0.49943895332572674], [-0.79637655159243, 0.5685616653189521, -0.20620868265785644]], "fy": 3852.356179237937, "fx": 3844.898776958602}, {"id": 64, "img_name": "DSC08002", "width": 5187, "height": 3361, "position": [-2.725336184130648, -0.5452102015278686, 2.2743143011553326], "rotation": [[-0.5642658732600655, -0.29939385862555296, 0.7693941393663963], [0.3759045563003822, 0.736555760198231, 0.562300077068658], [-0.7350508749921109, 0.6065055065999883, -0.3030697636472883]], "fy": 3852.356179237937, "fx": 3844.898776958602}, {"id": 65, "img_name": "DSC08003", "width": 5187, "height": 3361, "position": [-2.2588280902792865, -0.7740313755414165, 2.6803136126053646], "rotation": [[-0.6871811134049565, -0.27528935386944337, 0.6723078826145562], [0.321448340299289, 0.7146878384447358, 0.6212022682653564], [-0.651500638448157, 0.6429907193928508, -0.40262867865603874]], "fy": 3852.356179237937, "fx": 3844.898776958602}, {"id": 66, "img_name": "DSC08005", "width": 5187, "height": 3361, "position": [-1.3416079259988962, -1.1030933658945254, 3.2624919477790977], "rotation": [[-0.8732070733499013, -0.18268906489798645, 0.4518120323966581], [0.21965057123046694, 0.6800494566692729, 0.6994900735835756], [-0.4350437145963944, 0.7100404509959457, -0.5536962383289638]], "fy": 3852.356179237937, "fx": 3844.898776958602}, {"id": 67, "img_name": "DSC08006", "width": 5187, "height": 3361, "position": [-0.7241290136987599, -1.2206383431728203, 3.4390193126543993], "rotation": [[-0.948121948498619, -0.11041084289216042, 0.2981177897191394], [0.1528904406939009, 0.663819310055062, 0.7320986523293471], [-0.278727974770397, 0.7396981609885643, -0.6125008952732469]], "fy": 3852.356179237937, "fx": 3844.898776958602}, {"id": 68, "img_name": "DSC08007", "width": 5187, "height": 3361, "position": [-0.14525128587685693, -1.2796170853121176, 3.549818589951565], "rotation": [[-0.9866905641784744, -0.05448321732778832, 0.15321001791911695], [0.08186992188239546, 0.6476195548921493, 0.757552788927785], [-0.14049571684622142, 0.7600134809007715, -0.6345395672430195]], "fy": 3852.356179237937, "fx": 3844.898776958602}, {"id": 69, "img_name": "DSC08008", "width": 5187, "height": 3361, "position": [0.49426757519464526, -1.336093180393578, 3.6280779314990292], "rotation": [[-0.9998155736997032, 0.004471745200641048, -0.018676779229665316], [-0.011440565698829244, 0.6424305256683872, 0.7662585289221455], [0.015425045997464177, 0.766330883616405, -0.6422608852885839]], "fy": 3852.356179237937, "fx": 3844.898776958602}, {"id": 70, "img_name": "DSC08009", "width": 5187, "height": 3361, "position": [1.1177976340703606, -1.335460730517384, 3.615715134868548], "rotation": [[-0.9812149198178073, 0.06597212953382509, -0.18128695278951068], [-0.09424817515835741, 0.6560084625952984, 0.7488458976870158], [0.16832873375111468, 0.7518647319352898, -0.6374675382053749]], "fy": 3852.356179237937, "fx": 3844.898776958602}, {"id": 71, "img_name": "DSC08010", "width": 5187, "height": 3361, "position": [1.7845498323116806, -1.277218971452993, 3.4696891999595496], "rotation": [[-0.9405494931430018, 0.12291425531410324, -0.316636600520252], [-0.16397519130526442, 0.6520784147621028, 0.7402066452266858], [0.29745384109949585, 0.748121532133598, -0.5931571339647138]], "fy": 3852.356179237937, "fx": 3844.898776958602}, {"id": 72, "img_name": "DSC08011", "width": 5187, "height": 3361, "position": [2.3117360794790676, -1.1035931801780023, 3.1420040656881194], "rotation": [[-0.8597317170054166, 0.16459034530887082, -0.48349911375929594], [-0.26388742029274764, 0.6673643151645603, 0.6964110138820149], [0.437292584188386, 0.7263159705500383, -0.5303209469159209]], "fy": 3852.356179237937, "fx": 3844.898776958602}, {"id": 73, "img_name": "DSC08013", "width": 5187, "height": 3361, "position": [3.394353330709227, -0.6392560644188005, 2.2785622986347867], "rotation": [[-0.5941977354681244, 0.27475182198043285, -0.755936827706512], [-0.40489129294669945, 0.709903034868848, 0.5762818077815308], [0.6949763248201356, 0.6484975847313789, -0.3105781552798994]], "fy": 3852.356179237937, "fx": 3844.898776958602}, {"id": 74, "img_name": "DSC08014", "width": 5187, "height": 3361, "position": [3.6684659075929553, -0.22678827879259103, 1.5713021859264682], "rotation": [[-0.38292617058936207, 0.33295548641263434, -0.8616891504164902], [-0.4483879157056793, 0.7485452126713925, 0.48849599961090373], [0.8076607115162179, 0.5734289046206736, -0.13734433522592424]], "fy": 3852.356179237937, "fx": 3844.898776958602}, {"id": 75, "img_name": "DSC08015", "width": 5187, "height": 3361, "position": [3.781990163677349, -0.01692507433373167, 0.9621526810134363], "rotation": [[-0.17215139435758456, 0.39914655509567276, -0.9005808819734051], [-0.46868510876356134, 0.7709311872565742, 0.4312764465380152], [0.8664283964898815, 0.49633369024319307, 0.05435716774764894]], "fy": 3852.356179237937, "fx": 3844.898776958602}, {"id": 76, "img_name": "DSC08016", "width": 5187, "height": 3361, "position": [3.5566232868998875, 0.2874445320406122, 0.40614303944764846], "rotation": [[-0.01765454842829283, 0.43406822483242175, -0.9007069962593958], [-0.47676775905837165, 0.7881801946485611, 0.3891843839187471], [0.8788519902931617, 0.4362989307282181, 0.19303476941515485]], "fy": 3852.356179237937, "fx": 3844.898776958602}, {"id": 77, "img_name": "DSC08017", "width": 5187, "height": 3361, "position": [3.4417406841636105, 0.6581285476061756, -0.23515639693838258], "rotation": [[0.2424108259904774, 0.4341600959665256, -0.8676070553614418], [-0.4813087594086666, 0.8302874363398135, 0.28100649667356564], [0.8423650453093986, 0.34946785850289247, 0.4102357204270461]], "fy": 3852.356179237937, "fx": 3844.898776958602}, {"id": 78, "img_name": "DSC08018", "width": 5187, "height": 3361, "position": [3.2007539697016614, 1.081806016680443, -0.973229626419032], "rotation": [[0.483497288741147, 0.37078060168016413, -0.792938911390818], [-0.4322777512430156, 0.8888310542853565, 0.152037175448188], [0.7611611639858155, 0.26926028737204655, 0.5900276095947388]], "fy": 3852.356179237937, "fx": 3844.898776958602}, {"id": 79, "img_name": "DSC08019", "width": 5187, "height": 3361, "position": [2.8799551293698418, 1.4051667504042293, -1.5557170579985313], "rotation": [[0.6740562053128041, 0.29105789013241967, -0.678920861861651], [-0.3541067962341471, 0.9339302480027135, 0.04881258778612534], [0.648272017705601, 0.20750806359574145, 0.7325870559890166]], "fy": 3852.356179237937, "fx": 3844.898776958602}, {"id": 80, "img_name": "DSC08021", "width": 5187, "height": 3361, "position": [2.039305828310367, 1.882145464815421, -2.462536555584825], "rotation": [[0.8857223542297041, 0.18467734784688625, -0.4258992702623834], [-0.23354494190294392, 0.9701703606527429, -0.06500947179048194], [0.40118907179700325, 0.15704696273142973, 0.9024320363149193]], "fy": 3852.356179237937, "fx": 3844.898776958602}, {"id": 81, "img_name": "DSC08022", "width": 5187, "height": 3361, "position": [1.4410152582952998, 2.096928436057742, -2.8137115682093006], "rotation": [[0.9610635936313455, 0.11665267912243533, -0.25049734818948116], [-0.14734705658473096, 0.9832322618938651, -0.10743911804780344], [0.23376401329593074, 0.14016587182560483, 0.9621371599014082]], "fy": 3852.356179237937, "fx": 3844.898776958602}, {"id": 82, "img_name": "DSC08023", "width": 5187, "height": 3361, "position": [0.7346415443613075, 2.292354749098833, -3.2304668486007766], "rotation": [[0.9963832025430144, 0.05096170553711608, -0.06799572235717813], [-0.061709319708102776, 0.9840715424557209, -0.1667188027487646], [0.05841638084723613, 0.17031178437667369, 0.9836571671833354]], "fy": 3852.356179237937, "fx": 3844.898776958602}, {"id": 83, "img_name": "DSC08024", "width": 5187, "height": 3361, "position": [-0.030220596838345676, 2.323093287248234, -3.2949834055525544], "rotation": [[0.9954417059170229, -0.008971766443634054, 0.09494902594491496], [0.024339062142561377, 0.9864979079950543, -0.16195520237214245], [-0.09221399121081242, 0.16352793317431108, 0.9822195247991715]], "fy": 3852.356179237937, "fx": 3844.898776958602}, {"id": 84, "img_name": "DSC08025", "width": 5187, "height": 3361, "position": [-0.07432246859731324, 2.0257542597023726, -3.568316628547964], "rotation": [[0.9971562560225048, -0.015467034480591666, 0.07375752110501792], [0.02842436126902646, 0.98361730174396, -0.17801421122028316], [-0.06979582194966145, 0.17960449480541377, 0.9812597865418021]], "fy": 3852.356179237937, "fx": 3844.898776958602}, {"id": 85, "img_name": "DSC08026", "width": 5187, "height": 3361, "position": [-0.8172879077709803, 1.9479951179898543, -3.32584422543055], "rotation": [[0.9605803686991236, -0.0759712583837196, 0.26742049878318963], [0.1223172011106666, 0.9793204796340719, -0.16115179329360263], [-0.2496474666050279, 0.18750937594927197, 0.9500086190918512]], "fy": 3852.356179237937, "fx": 3844.898776958602}, {"id": 86, "img_name": "DSC08027", "width": 5187, "height": 3361, "position": [-1.4573246368086943, 1.7564267165717007, -3.004080745935331], "rotation": [[0.8963543280650794, -0.13778132527082013, 0.4213848893418184], [0.20271609597776466, 0.972675861297666, -0.11317178659178823], [-0.3942779514384919, 0.18686352039780268, 0.899792710436135]], "fy": 3852.356179237937, "fx": 3844.898776958602}, {"id": 87, "img_name": "DSC08029", "width": 5187, "height": 3361, "position": [-2.5760256395757715, 1.295123758938299, -2.0484278253365646], "rotation": [[0.6669982550367042, -0.2785550891068524, 0.6910285016630393], [0.3455483380277737, 0.9373538914245956, 0.044317359097885665], [-0.6600830810316494, 0.2092241490933612, 0.7214676580221208]], "fy": 3852.356179237937, "fx": 3844.898776958602}, {"id": 88, "img_name": "DSC08030", "width": 5187, "height": 3361, "position": [-3.0354386965847353, 0.9570582984609288, -1.3906061946503203], "rotation": [[0.49127648181481126, -0.34341095816379374, 0.8004475824366556], [0.4056804120109895, 0.9034435664862073, 0.13861141902915522], [-0.7707598988830797, 0.2566293747561008, 0.5831556758585459]], "fy": 3852.356179237937, "fx": 3844.898776958602}, {"id": 89, "img_name": "DSC08031", "width": 5187, "height": 3361, "position": [-3.2938698175707937, 0.6320202422723461, -0.7710995283140301], "rotation": [[0.32240058998064186, -0.37773436068363386, 0.8679715504203236], [0.4400959578145446, 0.8716209954172511, 0.21585270038417162], [-0.8380772085526684, 0.312399732885236, 0.44725048842656456]], "fy": 3852.356179237937, "fx": 3844.898776958602}, {"id": 90, "img_name": "DSC08032", "width": 5187, "height": 3361, "position": [-3.398870796812465, 0.3226609762854507, -0.09914221075716423], "rotation": [[0.14111893366108827, -0.4051703623975272, 0.9032842431909316], [0.4736832063698709, 0.8288287503424384, 0.2977702513834289], [-0.8693156311521817, 0.3858495562268389, 0.3088858258224805]], "fy": 3852.356179237937, "fx": 3844.898776958602}, {"id": 91, "img_name": "DSC08033", "width": 5187, "height": 3361, "position": [-3.3944319985497957, -0.08331511062072725, 0.600532347508125], "rotation": [[-0.03243716918224726, -0.4129629547386896, 0.910169999543455], [0.48305608032779784, 0.7907494652047034, 0.3759948224867195], [-0.8749883732449169, 0.45185936008006594, 0.17383459205304075]], "fy": 3852.356179237937, "fx": 3844.898776958602}, {"id": 92, "img_name": "DSC08034", "width": 5187, "height": 3361, "position": [-3.2294100059786985, -0.3714826229088482, 1.1517728329318666], "rotation": [[-0.24090909889188217, -0.4112324377793616, 0.8791192684665399], [0.4677447064932521, 0.7444693673218384, 0.47642444381765614], [-0.8503985510445335, 0.5259783676516221, 0.013002351475498447]], "fy": 3852.356179237937, "fx": 3844.898776958602}, {"id": 93, "img_name": "DSC08035", "width": 5187, "height": 3361, "position": [-2.990033874527906, -0.6976181552356361, 1.7337898783074208], "rotation": [[-0.43411823980802683, -0.39816699418478085, 0.8080868756562237], [0.4301754386864826, 0.6965184885927636, 0.5742918134531821], [-0.7915114944313018, 0.5969296774246602, -0.13108971886772153]], "fy": 3852.356179237937, "fx": 3844.898776958602}, {"id": 94, "img_name": "DSC08037", "width": 5187, "height": 3361, "position": [-2.068297701622656, -1.1761912183855099, 2.6269278550416137], "rotation": [[-0.7540054518054288, -0.28328868628416726, 0.5926409527454897], [0.31537551863254404, 0.6353057484920037, 0.7049289951337429], [-0.5762066130260437, 0.7184247533015587, -0.3896816815666979]], "fy": 3852.356179237937, "fx": 3844.898776958602}, {"id": 95, "img_name": "DSC08038", "width": 5187, "height": 3361, "position": [-1.3165256026842764, -1.3668903294070214, 2.9973599419541093], "rotation": [[-0.8674505625775075, -0.22594466935879257, 0.44325898510048406], [0.23024080449908885, 0.607482760686458, 0.7602327718616003], [-0.44104273424190715, 0.7615206509721881, -0.4749395800681563]], "fy": 3852.356179237937, "fx": 3844.898776958602}, {"id": 96, "img_name": "DSC08039", "width": 5187, "height": 3361, "position": [-0.6449358202919435, -1.5084890393630235, 3.2081562548240132], "rotation": [[-0.9469141144935519, -0.14749951646202109, 0.28565285298130993], [0.15186866979294655, 0.5779138900616295, 0.8018425299328763], [-0.2833541369174145, 0.802657727999491, -0.5248342641010417]], "fy": 3852.356179237937, "fx": 3844.898776958602}, {"id": 97, "img_name": "DSC08040", "width": 5187, "height": 3361, "position": [0.1859085755886913, -1.6011432112373878, 3.382377283196549], "rotation": [[-0.9917161597041401, -0.055787712801272905, 0.11570129507518453], [0.06253911038124951, 0.5770752115265021, 0.814292981619248], [-0.11219589232406914, 0.814783364669435, -0.5688058987067205]], "fy": 3852.356179237937, "fx": 3844.898776958602}, {"id": 98, "img_name": "DSC08041", "width": 5187, "height": 3361, "position": [1.0844569941721758, -1.5363299343249428, 3.2883122771799442], "rotation": [[-0.9868933211688399, 0.07610650511544774, -0.14230028992046595], [-0.07325606990246628, 0.5744257192120696, 0.8152721271637716], [0.14378845869812126, 0.8150109772185947, -0.561321642339229]], "fy": 3852.356179237937, "fx": 3844.898776958602}, {"id": 99, "img_name": "DSC08042", "width": 5187, "height": 3361, "position": [1.8230535447576781, -1.4772674186483865, 3.109977522326881], "rotation": [[-0.9332056491385361, 0.16361183776883856, -0.3199349667632886], [-0.16788337226262787, 0.5886822578396111, 0.7907391305750495], [0.31771432094517116, 0.7916339847724837, -0.5218939014968349]], "fy": 3852.356179237937, "fx": 3844.898776958602}, {"id": 100, "img_name": "DSC08043", "width": 5187, "height": 3361, "position": [2.4663411308658603, -1.2336075020536048, 2.680134165989688], "rotation": [[-0.8168277203800347, 0.25944439666006813, -0.5152485616287036], [-0.2846964255845285, 0.5955249