[{"id": 0, "img_name": "0000", "width": 1554, "height": 1162, "position": [0.6170724024676711, 0.08884268261512605, -1.8667176139193444], "rotation": [[0.9702626862214244, -0.01474286876108498, -0.24160498245499706], [0.007479910157964662, 0.9994929147888914, -0.03095099725105253], [0.24193877463196095, 0.028223414171558138, 0.9698809556961545]], "fy": 2883.175048828125, "fx": 2892.3303222656255}, {"id": 1, "img_name": "0008", "width": 1554, "height": 1162, "position": [1.3521077583525798, -0.202182004164145, -1.4693041650046597], "rotation": [[0.3993877816989258, 0.6475388838294568, -0.6489859734682351], [-0.7781769094115968, 0.6137046520897386, 0.13344398698341], [0.48469588144343345, 0.4517300011426231, 0.7490059469586733]], "fy": 2883.175048828125, "fx": 2892.3303222656255}, {"id": 2, "img_name": "0016", "width": 1554, "height": 1162, "position": [1.6279262908210104, -0.424470705400545, -1.0926536790063168], "rotation": [[0.03548628206029264, 0.5967745388395795, -0.801623897833856], [-0.8824023524082995, 0.39527086301753694, 0.25519998689982476], [0.46915542440627966, 0.6982987144783949, 0.5406219502646787]], "fy": 2883.175048828125, "fx": 2892.3303222656255}, {"id": 3, "img_name": "0024", "width": 1554, "height": 1162, "position": [1.6458845930777442, 0.3839073643976393, -1.114356449542121], "rotation": [[0.4815131226723604, 0.3311347647313371, -0.8114769745843897], [-0.7536690203259275, 0.6290335743997879, -0.19052498544490964], [0.447356815635203, 0.7033253371407491, 0.5524539344059217]], "fy": 2883.175048828125, "fx": 2892.3303222656255}, {"id": 4, "img_name": "0032", "width": 1554, "height": 1162, "position": [1.7005376535993857, 0.6598692395407293, -0.869518846961655], "rotation": [[0.5154687694457839, 0.1649987794317991, -0.8408729693075321], [-0.7449108656845287, 0.5713160898944524, -0.3445369756830757], [0.42355607646588606, 0.8039734623815208, 0.4174049854459023]], "fy": 2883.175048828125, "fx": 2892.3303222656255}, {"id": 5, "img_name": "0040", "width": 1554, "height": 1162, "position": [1.9114267383434975, -0.47096588481066565, -0.00821762442857272], "rotation": [[-0.283875608789483, 0.04851553723823952, -0.9576329575473504], [-0.8878290349037552, 0.3639357366573837, 0.2816209941845857], [0.36217984968281647, 0.9301596756633416, -0.06023897619980046]], "fy": 2883.175048828125, "fx": 2892.3303222656255}, {"id": 6, "img_name": "0048", "width": 1554, "height": 1162, "position": [0.6294357271502506, 1.5566722275249882, -0.9848533713599177], "rotation": [[0.9629555794920657, -0.0997156930482247, -0.2505460685882186], [-0.165149159388859, 0.5164091534173783, -0.8402662324643897], [0.21317201288690169, 0.8505165294258887, 0.48081111269924665]], "fy": 2883.175048828125, "fx": 2892.3303222656255}, {"id": 7, "img_name": "0001", "width": 1554, "height": 1162, "position": [0.9306964674120958, -0.09871393953829359, -1.7525070471362303], "rotation": [[0.8022554513697754, 0.4279930197963325, -0.4161828513443267], [-0.43934760638789533, 0.8952822692576352, 0.07377898829698089], [0.4041780195764051, 0.12365934400001938, 0.9062827898248869]], "fy": 2883.175048828125, "fx": 2892.3303222656255}, {"id": 8, "img_name": "0002", "width": 1554, "height": 1162, "position": [1.0987500287901757, -0.4137525650452846, -1.6040220648461585], "rotation": [[0.42349434716570367, 0.749176003819049, -0.509301338325764], [-0.7608595360376443, 0.5992920348345517, 0.2488811431274837], [0.49167601562337265, 0.2821070227512644, 0.823814495730163]], "fy": 2883.175048828125, "fx": 2892.3303222656255}, {"id": 9, "img_name": "0003", "width": 1554, "height": 1162, "position": [1.0727889871227794, -0.7749705673733782, -1.459220125079252], "rotation": [[-0.06928993067681975, 0.8659440835231418, -0.49531782697382043], [-0.8737050322121963, 0.18696786001640342, 0.44909078815755243], [0.48149602510704764, 0.4638791475504719, 0.7436247133292178]], "fy": 2883.175048828125, "fx": 2892.3303222656255}, {"id": 10, "img_name": "0004", "width": 1554, "height": 1162, "position": [0.8585264626677065, -1.0802692364500732, -1.3604377533399163], "rotation": [[-0.5462872951964373, 0.7481358540221014, -0.3766469633935485], [-0.7487468801147746, -0.23462486203243332, 0.6199429680500074], [0.37543082002594236, 0.6206802059377132, 0.6883369678665864]], "fy": 2883.175048828125, "fx": 2892.3303222656255}, {"id": 11, "img_name": "0005", "width": 1554, "height": 1162, "position": [1.077655771735484, -1.1770323066726294, -1.1063746710151618], "rotation": [[-0.5951046451019839, 0.6311270369596503, -0.49752298901314496], [-0.7244323386583176, -0.1532691625865923, 0.6720910284374028], [0.34791988745123914, 0.760386235421537, 0.548420025981346]], "fy": 2883.175048828125, "fx": 2892.3303222656255}, {"id": 12, "img_name": "0006", "width": 1554, "height": 1162, "position": [1.2916496224018152, -0.8870219073346702, -1.198146412778034], "rotation": [[-0.2852360431888182, 0.7346833229945697, -0.6155329516603016], [-0.8534112387820003, 0.097642079927191, 0.512011017213559], [0.4362678732001223, 0.6713467354066367, 0.599135964262114]], "fy": 2883.175048828125, "fx": 2892.3303222656255}, {"id": 13, "img_name": "0007", "width": 1554, "height": 1162, "position": [1.388540576345502, -0.5487327651985217, -1.3234492686031114], "rotation": [[0.060403413975256524, 0.7407433856583697, -0.6690670102340345], [-0.8726902677843399, 0.36455602440463675, 0.32482395475823994], [0.4845236053017759, 0.5642677925184653, 0.6684599720489681]], "fy": 2883.175048828125, "fx": 2892.3303222656255}, {"id": 14, "img_name": "0009", "width": 1554, "height": 1162, "position": [1.1879613408113885, 0.1010007046761379, -1.6132557375650827], "rotation": [[0.6859120920335299, 0.46662358114478764, -0.5583789354209201], [-0.5816594945090409, 0.8126622433799018, -0.03538800124664359], [0.4372606024439812, 0.34905946728939913, 0.8288308958080455]], "fy": 2883.175048828125, "fx": 2892.3303222656255}, {"id": 15, "img_name": "0010", "width": 1554, "height": 1162, "position": [0.9197570931400463, 0.32592472855745336, -1.7377569826563768], "rotation": [[0.8850516130609581, 0.22057496317814693, -0.4099150251419863], [-0.3079621837800984, 0.9377976783565805, -0.1602960006687658], [0.34906007445651677, 0.26810856026611163, 0.8979280953018698]], "fy": 2883.175048828125, "fx": 2892.3303222656255}, {"id": 16, "img_name": "0011", "width": 1554, "height": 1162, "position": [0.5977387227006524, 0.780842890074778, -1.7077485914438935], "rotation": [[0.9710187943414423, -0.058607785597773694, -0.2317059095125047], [-0.043489521790788424, 0.9099561332594788, -0.4124178670206544], [0.23501311140040718, 0.41054227920006364, 0.8810356828523558]], "fy": 2883.175048828125, "fx": 2892.3303222656255}, {"id": 17, "img_name": "0012", "width": 1554, "height": 1162, "position": [0.9399451985851416, 0.6755415245004883, -1.6249168088555266], "rotation": [[0.8979907641596099, 0.1288076908980812, -0.42073883377879917], [-0.2933246077692759, 0.887978191239863, -0.35419684690773523], [0.32798363062970093, 0.44147855060907043, 0.8351786799188988]], "fy": 2883.175048828125, "fx": 2892.3303222656255}, {"id": 18, "img_name": "0013", "width": 1554, "height": 1162, "position": [1.2339189737311034, 0.4860868751182091, -1.5125780644829747], "rotation": [[0.754619288050255, 0.29983999537399164, -0.5836486162723686], [-0.5177244000142371, 0.8185519085057282, -0.24886586489819795], [0.4031267489666546, 0.48996811146824104, 0.7729295401340417]], "fy": 2883.175048828125, "fx": 2892.3303222656255}, {"id": 19, "img_name": "0014", "width": 1554, "height": 1162, "position": [1.4572103411093997, 0.22765954454247986, -1.3793601086295184], "rotation": [[0.5523625024354101, 0.44114771978936185, -0.7073078221170316], [-0.6994106182259038, 0.706922364072064, -0.10528797788742583], [0.4535641663713641, 0.5528557320851534, 0.6990208054732266]], "fy": 2883.175048828125, "fx": 2892.3303222656255}, {"id": 20, "img_name": "0015", "width": 1554, "height": 1162, "position": [1.5937136743913745, -0.08412368447419259, -1.2346933234297204], "rotation": [[0.30679904300455657, 0.5421410752095963, -0.7822770620324175], [-0.824140307321882, 0.5624584064412497, 0.06658299235513346], [0.4760956847723806, 0.6242784599793214, 0.6193620131610955]], "fy": 2883.175048828125, "fx": 2892.3303222656255}, {"id": 21, "img_name": "0017", "width": 1554, "height": 1162, "position": [1.5594763290240232, -0.7623753890116465, -0.9653956142355774], "rotation": [[-0.2378676234738089, 0.5998026491211627, -0.7639736748148835], [-0.869971757727753, 0.21821184224166446, 0.4421908328556601], [0.43193533596940814, 0.7698184032697153, 0.46990583261783436]], "fy": 2883.175048828125, "fx": 2892.3303222656255}, {"id": 22, "img_name": "0018", "width": 1554, "height": 1162, "position": [1.395839749454583, -1.0732660456085725, -0.859090970010718], "rotation": [[-0.4938632963990597, 0.5499113253624933, -0.6735700250960698], [-0.7876438922681412, 0.04527430202843545, 0.6144650816348564], [0.36839672018429676, 0.8339950670201258, 0.410774980668917]], "fy": 2883.175048828125, "fx": 2892.3303222656255}, {"id": 23, "img_name": "0019", "width": 1554, "height": 1162, "position": [1.4329973941458722, -1.2094967640534264, -0.49254993414660814], "rotation": [[-0.6232369415735143, 0.36087592478099845, -0.6937897963876024], [-0.719898429020243, 0.08180532759621469, 0.6892417139661977], [0.305486442501591, 0.9290190823068893, 0.20880990914558417]], "fy": 2883.175048828125, "fx": 2892.3303222656255}, {"id": 24, "img_name": "0020", "width": 1554, "height": 1162, "position": [1.6376683897031543, -0.9223826263024512, -0.586239919538965], "rotation": [[-0.4234886981872962, 0.4126359141711122, -0.806466939709124], [-0.8259116401852573, 0.18989130233740234, 0.5308589792996852], [0.37219253769269395, 0.890883210995008, 0.26038398424844944]], "fy": 2883.175048828125, "fx": 2892.3303222656255}, {"id": 25, "img_name": "0021", "width": 1554, "height": 1162, "position": [1.7661617356547052, -0.6014611383548063, -0.7017775069643596], "rotation": [[-0.20023859529176494, 0.43584343354531135, -0.8774651026627867], [-0.8843218163047364, 0.30513493518921553, 0.3533660942062287], [0.4217575490291464, 0.8467190636583701, 0.32432606598055025]], "fy": 2883.175048828125, "fx": 2892.3303222656255}, {"id": 26, "img_name": "0022", "width": 1554, "height": 1162, "position": [1.812253083653382, -0.26405289997130416, -0.8321828421701816], "rotation": [[0.03334250671974394, 0.4289526714644553, -0.9027114062030848], [-0.891496739181123, 0.42106222535061827, 0.16715312265168572], [0.45179845205032293, 0.7991909709364163, 0.39644917795177703]], "fy": 2883.175048828125, "fx": 2892.3303222656255}, {"id": 27, "img_name": "0023", "width": 1554, "height": 1162, "position": [1.7720179625934063, 0.07215417977499715, -0.9707940465673237], "rotation": [[0.2647325195154496, 0.39251896542717996, -0.8808209550703129], [-0.8471679554952146, 0.5310208805721425, -0.017979977153618865], [0.4606768371570903, 0.7509631723169667, 0.47310798506321683]], "fy": 2883.175048828125, "fx": 2892.3303222656255}, {"id": 28, "img_name": "0025", "width": 1554, "height": 1162, "position": [1.444297122682808, 0.6555564156990675, -1.2503161136226035], "rotation": [[0.6716728255512704, 0.24537970589379768, -0.6990310546402397], [-0.6153081320231215, 0.7102832614088247, -0.34189704770392515], [0.41261546030437307, 0.6597624485357715, 0.6280620936021325]], "fy": 2883.175048828125, "fx": 2892.3303222656255}, {"id": 29, "img_name": "0026", "width": 1554, "height": 1162, "position": [1.1770396720534935, 0.8724656048520927, -1.3705167185602252], "rotation": [[0.8220288180079165, 0.14084017304368127, -0.5517541735424695], [-0.441841002733278, 0.7689916177347039, -0.46198313839080163], [0.35922854935007476, 0.6235510704912541, 0.6943622338672025]], "fy": 2883.175048828125, "fx": 2892.3303222656255}, {"id": 30, "img_name": "0027", "width": 1554, "height": 1162, "position": [0.8597578524969096, 1.0232043090953318, -1.4689096527934207], "rotation": [[0.9260244633402976, 0.022971414172735963, -0.37676386162451736], [-0.24178255895162884, 0.8025950057497593, -0.5453278380317164], [0.2898618420594818, 0.5960818491419181, 0.7487766967804459]], "fy": 2883.175048828125, "fx": 2892.3303222656255}, {"id": 31, "img_name": "0028", "width": 1554, "height": 1162, "position": [0.5488608455638231, 1.3590762511565924, -1.2913749180701681], "rotation": [[0.9740276166614368, -0.09609419752138418, -0.205027088901838], [-0.08712733428363927, 0.6767033185345992, -0.7310823799715651], [0.20899528607475326, 0.7299578918588263, 0.650755289268977]], "fy": 2883.175048828125, "fx": 2892.3303222656255}, {"id": 32, "img_name": "0029", "width": 1554, "height": 1162, "position": [0.8957237142124699, 1.277876078862296, -1.217940539062754], "rotation": [[0.9180172676931652, -0.021903801374910874, -0.39593499428884027], [-0.28000934383548304, 0.6711934889886996, -0.6863629271048942], [0.2807829474558555, 0.7409585169390421, 0.610033943804357]], "fy": 2883.175048828125, "fx": 2892.3303222656255}, {"id": 33, "img_name": "0030", "width": 1554, "height": 1162, "position": [1.2125062501032544, 1.1291945564352044, -1.12018295665147], "rotation": [[0.819588088026285, 0.04847259122379545, -0.5708990925421664], [-0.4593485342711431, 0.6511457114025619, -0.6041590739076951], [0.3424533399287714, 0.7574032416237089, 0.5559370823659158]], "fy": 2883.175048828125, "fx": 2892.3303222656255}, {"id": 34, "img_name": "0031", "width": 1554, "height": 1162, "position": [1.4853002221900136, 0.9197419963389364, -1.0022287501467437], "rotation": [[0.6832262143370345, 0.1118842556239205, -0.7215842663100172], [-0.6167831692711859, 0.6173926514936223, -0.4882671768463102], [0.3908714138261791, 0.7786579654926516, 0.4908271698147608]], "fy": 2883.175048828125, "fx": 2892.3303222656255}, {"id": 35, "img_name": "0033", "width": 1554, "height": 1162, "position": [1.849938089969606, 0.35994536035275204, -0.7283043718785539], "rotation": [[0.32375847641254213, 0.20588313758533291, -0.9234676944046546], [-0.8381777525148826, 0.5151871467484458, -0.17899793019556304], [0.4389060311047566, 0.8319821737773078, 0.3393628712405883]], "fy": 2883.175048828125, "fx": 2892.3303222656255}, {"id": 36, "img_name": "0034", "width": 1554, "height": 1162, "position": [1.925229573335083, 0.033679848771185926, -0.5882686259246849], "rotation": [[0.11715547196543863, 0.23413748506479445, -0.9651187665132662], [-0.892022544313034, 0.45198883122953604, 0.0013699930874117787], [0.43654367001006544, 0.8607471954826753, 0.26180887999235625]], "fy": 2883.175048828125, "fx": 2892.3303222656255}, {"id": 37, "img_name": "0035", "width": 1554, "height": 1162, "position": [1.9231028173341929, -0.30428007372674487, -0.45341896534141224], "rotation": [[-0.09561722505642997, 0.24758234150408115, -0.964137091106791], [-0.9038958243146272, 0.38409014470961994, 0.1882740011884908], [0.416928872901708, 0.8894817282621942, 0.18706301085092045]], "fy": 2883.175048828125, "fx": 2892.3303222656255}, {"id": 38, "img_name": "0036", "width": 1554, "height": 1162, "position": [1.8441995735492152, -0.6358636994482967, -0.32794922599891374], "rotation": [[-0.3041632386399251, 0.24429847928816398, -0.9207621719410295], [-0.8733302662983928, 0.314555422293378, 0.3719531318231004], [0.38049831829753167, 0.9172639420163233, 0.11767705999652173]], "fy": 2883.175048828125, "fx": 2892.3303222656255}, {"id": 39, "img_name": "0037", "width": 1554, "height": 1162, "position": [1.692254587937874, -0.9474416765377871, -0.2187564796737689], "rotation": [[-0.49897651258321596, 0.22500622665404665, -0.8368958345321115], [-0.80183613751318, 0.24647873891602695, 0.5443409224376848], [0.3287571268706373, 0.9426666585963845, 0.057431022126467876]], "fy": 2883.175048828125, "fx": 2892.3303222656255}, {"id": 40, "img_name": "0038", "width": 1554, "height": 1162, "position": [1.572815166904282, -1.0731524648214794, 0.19646506864109572], "rotation": [[-0.6362975907000865, 0.031571162687508814, -0.7707974038330844], [-0.727665723932678, 0.30723730932590554, 0.6132763080143476], [0.25617956648178586, 0.9511090880886042, -0.17252110674484814]], "fy": 2883.175048828125, "fx": 2892.3303222656255}, {"id": 41, "img_name": "0039", "width": 1554, "height": 1162, "position": [1.7740496429444161, -0.7866349284415921, 0.10349503521710769], "rotation": [[-0.46965365946991994, 0.04291580166279261, -0.8818070503880948], [-0.8247216976030751, 0.3351120563298155, 0.4555590315262164], [0.3150548549843568, 0.9412003738152903, -0.12199301078645253]], "fy": 2883.175048828125, "fx": 2892.3303222656255}, {"id": 42, "img_name": "0041", "width": 1554, "height": 1162, "position": [1.9790235966247796, -0.1380981320367364, -0.13493803725688727], "rotation": [[-0.08620750148876268, 0.04745642713567243, -0.9951462978932198], [-0.9143024674078502, 0.3930109084278579, 0.09794602569081926], [0.3957515189850589, 0.9183083977511184, 0.009509039951111884]], "fy": 2883.175048828125, "fx": 2892.3303222656255}, {"id": 43, "img_name": "0042", "width": 1554, "height": 1162, "position": [1.9739559598299445, 0.1973454017011011, -0.2707077239011389], "rotation": [[0.11632565123534074, 0.0398156799028744, -0.9924127440226399], [-0.9025772788506666, 0.42125044472911455, -0.08889498589937007], [0.41451489547083803, 0.9060699611229781, 0.08493896033861674]], "fy": 2883.175048828125, "fx": 2892.3303222656255}, {"id": 44, "img_name": "0043", "width": 1554, "height": 1162, "position": [1.8967397646401256, 0.5205654550525827, -0.4108453830804543], "rotation": [[0.3116187466758778, 0.027035088975177115, -0.949822541680423], [-0.8534517573941138, 0.4474247548908041, -0.2672661342403908], [0.4177485541818833, 0.8939128551905986, 0.16249908554800532]], "fy": 2883.175048828125, "fx": 2892.3303222656255}, {"id": 45, "img_name": "0044", "width": 1554, "height": 1162, "position": [1.7502712993355756, 0.8201312543072288, -0.5507438231899363], "rotation": [[0.4945193769627341, 0.009316818434655677, -0.8691166680616847], [-0.769118104710401, 0.47046122062902207, -0.4325778321769749], [0.40485543940407903, 0.8823714845678697, 0.2398179234469847]], "fy": 2883.175048828125, "fx": 2892.3303222656255}, {"id": 46, "img_name": "0045", "width": 1554, "height": 1162, "position": [1.5410248751491409, 1.0826183667583322, -0.6835914554651434], "rotation": [[0.6570528697957212, -0.012963954464086503, -0.7537330178371252], [-0.6530517735573694, 0.4896701278691059, -0.5777080118245098], [0.37656992358230307, 0.8718113911605575, 0.31327302931454504]], "fy": 2883.175048828125, "fx": 2892.3303222656255}, {"id": 47, "img_name": "0046", "width": 1554, "height": 1162, "position": [1.276702578086664, 1.2994129665339447, -0.8036699990795525], "rotation": [[0.7939043381581884, -0.03966155724011863, -0.6067477752170974], [-0.5083118426939451, 0.5042992086979147, -0.6980697520189104], [0.33366895634849586, 0.8626176841358785, 0.3802048902701802]], "fy": 2883.175048828125, "fx": 2892.3303222656255}, {"id": 48, "img_name": "0047", "width": 1554, "height": 1162, "position": [0.9683238941517655, 1.4591479320934417, -0.9052069709170265], "rotation": [[0.8966865195962935, -0.0689317264064449, -0.4372661691337587], [-0.3439940181785469, 0.5131974845890351, -0.7863182925945859], [0.2786061755088415, 0.8554979596154009, 0.4364651647751773]], "fy": 2883.175048828125, "fx": 2892.3303222656255}]