[{"id": 0, "img_name": "0000", "width": 1554, "height": 1162, "position": [0.7955989206032998, 0.0828924568178817, -2.101927783606896], "rotation": [[0.9702626817699957, -0.014742866540357846, -0.2416050004670216], [0.007479906143715135, 0.9994929146716195, -0.03095100200820868], [0.24193879260791873, 0.0282234194846075, 0.9698809510574059]], "fy": 2883.17529296875, "fx": 2892.33056640625}, {"id": 1, "img_name": "0008", "width": 1554, "height": 1162, "position": [1.5828846658096343, -0.22882013527635325, -1.6762637054408374], "rotation": [[0.3993877514713547, 0.6475389136702538, -0.648985962296106], [-0.7781769498200973, 0.6137046025010786, 0.13344397939840788], [0.48469584147519246, 0.4517300257363246, 0.749005957990265]], "fy": 2883.17529296875, "fx": 2892.33056640625}, {"id": 2, "img_name": "0016", "width": 1554, "height": 1162, "position": [1.8783101416460675, -0.46691025230980765, -1.2728390079470477], "rotation": [[0.03548630565368515, 0.5967745258566919, -0.8016239064546253], [-0.8824023698510928, 0.39527085236810794, 0.25519994308260524], [0.4691553898147485, 0.6982987316018194, 0.5406219581658346]], "fy": 2883.17529296875, "fx": 2892.33056640625}, {"id": 3, "img_name": "0024", "width": 1554, "height": 1162, "position": [1.8975446686953878, 0.3989320617608796, -1.2960842954649106], "rotation": [[0.4815131449865231, 0.33113479962492554, -0.8114769471048132], [-0.7536690315736919, 0.6290335566720715, -0.19052499948105758], [0.4473567726680362, 0.7033253365675403, 0.5524539699288937]], "fy": 2883.17529296875, "fx": 2892.33056640625}, {"id": 4, "img_name": "0032", "width": 1554, "height": 1162, "position": [1.9560828001314086, 0.694510770880053, -1.0338424838568838], "rotation": [[0.5154688071605503, 0.16499881299849012, -0.8408729396012031], [-0.7449108626289052, 0.5713160801156045, -0.3445369985049507], [0.4235560359408655, 0.8039734624416587, 0.41740502645228267]], "fy": 2883.17529296875, "fx": 2892.33056640625}, {"id": 5, "img_name": "0040", "width": 1554, "height": 1162, "position": [2.1819632850560544, -0.5167105213155194, -0.11131472693266488], "rotation": [[-0.28387561098091213, 0.048515543965037405, -0.9576329565569424], [-0.8878290324920856, 0.3639357392177684, 0.28162099847877853], [0.3621798538770229, 0.9301596743107031, -0.06023897186892752]], "fy": 2883.17529296875, "fx": 2892.33056640625}, {"id": 6, "img_name": "0048", "width": 1554, "height": 1162, "position": [0.8088409849371905, 1.6550636435443338, -1.1573754254807471], "rotation": [[0.9629555771895029, -0.09971567938520481, -0.25054608287574265], [-0.1651491684663466, 0.5164091938322214, -0.8402662058421898], [0.21317201625566548, 0.8505165064890289, 0.4808111517791492]], "fy": 2883.17529296875, "fx": 2892.33056640625}, {"id": 7, "img_name": "0056", "width": 1554, "height": 1162, "position": [2.835878574512983, 0.5220739332933123, -1.1260992454418244], "rotation": [[0.2858040430153154, 0.1993301097391865, -0.9373278809186587], [-0.852292545116396, 0.5000222840620471, -0.15354195837095969], [0.43807929252033306, 0.8427604777116317, 0.31279595693062745]], "fy": 2883.17529296875, "fx": 2892.33056640625}, {"id": 8, "img_name": "0001", "width": 1554, "height": 1162, "position": [1.1315170107791395, -0.11799681310596558, -1.9795982558595744], "rotation": [[0.8022554268476033, 0.42799303020864987, -0.4161828879067323], [-0.43934762801847005, 0.8952822594638239, 0.07377897833322321], [0.40417804473785324, 0.12365937886859962, 0.9062827738458445]], "fy": 2883.17529296875, "fx": 2892.33056640625}, {"id": 9, "img_name": "0002", "width": 1554, "height": 1162, "position": [1.3115168337737113, -0.45543015185127816, -1.8205580891682964], "rotation": [[0.42349440398233035, 0.7491759755097792, -0.5093013327241753], [-0.7608595019778684, 0.5992920841412618, 0.24888112852446817], [0.49167601939248645, 0.2821069931862615, 0.8238145036048866]], "fy": 2883.17529296875, "fx": 2892.33056640625}, {"id": 10, "img_name": "0003", "width": 1554, "height": 1162, "position": [1.2837103997321893, -0.8423258439898847, -1.6654627855768653], "rotation": [[-0.06928994813461109, 0.8659440844931283, -0.4953178228358644], [-0.8737050025559049, 0.18696787245881472, 0.44909084067370014], [0.48149607640799036, 0.4638791407248037, 0.7436246843698295]], "fy": 2883.17529296875, "fx": 2892.33056640625}, {"id": 11, "img_name": "0004", "width": 1554, "height": 1162, "position": [1.0542167297422715, -1.1693265511143218, -1.5596586372424552], "rotation": [[-0.5462872951964373, 0.7481358540221014, -0.3766469633935485], [-0.7487468801147746, -0.23462486203243332, 0.6199429680500074], [0.37543082002594236, 0.6206802059377132, 0.6883369678665864]], "fy": 2883.17529296875, "fx": 2892.33056640625}, {"id": 12, "img_name": "0005", "width": 1554, "height": 1162, "position": [1.288922934074311, -1.2729682953377357, -1.287535292290781], "rotation": [[-0.5951046451019839, 0.6311270369596503, -0.49752298901314496], [-0.7244323386583176, -0.1532691625865923, 0.6720910284374028], [0.34791988745123914, 0.760386235421537, 0.548420025981346]], "fy": 2883.17529296875, "fx": 2892.33056640625}, {"id": 13, "img_name": "0006", "width": 1554, "height": 1162, "position": [1.518129071023226, -0.9623420687948686, -1.3858306086674117], "rotation": [[-0.2852359333012121, 0.7346833158352113, -0.6155330111270764], [-0.8534113060813217, 0.09764212297943488, 0.5120108968299809], [0.4362678133971824, 0.6713467369798173, 0.5991360060455334]], "fy": 2883.17529296875, "fx": 2892.33056640625}, {"id": 14, "img_name": "0007", "width": 1554, "height": 1162, "position": [1.6219077696300346, -0.6000057717558972, -1.520040720534891], "rotation": [[0.060403417831628704, 0.740743433414646, -0.6690669570135258], [-0.8726902734974402, 0.36455599674651956, 0.3248239704503263], [0.48452359453097876, 0.5642677476953945, 0.6684600176925665]], "fy": 2883.17529296875, "fx": 2892.33056640625}, {"id": 15, "img_name": "0009", "width": 1554, "height": 1162, "position": [1.40707004925364, 0.09591471042301278, -1.830448288427511], "rotation": [[0.685912091627962, 0.46662358509140744, -0.5583789326210262], [-0.5816594919160237, 0.8126622457205146, -0.03538799011646762], [0.4372606065295015, 0.3490594565642538, 0.8288308981695364]], "fy": 2883.17529296875, "fx": 2892.33056640625}, {"id": 16, "img_name": "0010", "width": 1554, "height": 1162, "position": [1.119800085992241, 0.33682754699218503, -1.9638000135641442], "rotation": [[0.8850516034265232, 0.2205749564467099, -0.40991504956597075], [-0.3079621925418489, 0.9377976718882651, -0.16029602167791634], [0.34906009115474285, 0.2681085884291696, 0.8979280804015212]], "fy": 2883.17529296875, "fx": 2892.33056640625}, {"id": 17, "img_name": "0011", "width": 1554, "height": 1162, "position": [0.7748908470426631, 0.8240840389875905, -1.9316583436467658], "rotation": [[0.971018790975174, -0.05860778089111818, -0.231705924810157], [-0.04348953956170642, 0.909956121059914, -0.4124178920637487], [0.23501312202049957, 0.4105423069119842, 0.8810356671063686]], "fy": 2883.17529296875, "fx": 2892.33056640625}, {"id": 18, "img_name": "0012", "width": 1554, "height": 1162, "position": [1.1414232993945859, 0.7112972683185161, -1.8429381435593621], "rotation": [[0.897990765986762, 0.12880769526693142, -0.42073882854156686], [-0.2933246221033847, 0.8879781735530485, -0.3541968793782617], [0.3279836128077365, 0.44147858490918174, 0.8351786687866083]], "fy": 2883.17529296875, "fx": 2892.33056640625}, {"id": 19, "img_name": "0013", "width": 1554, "height": 1162, "position": [1.4562942876850653, 0.5083749331598914, -1.7226139197949937], "rotation": [[0.7546192974862825, 0.2998399627900294, -0.5836486208116858], [-0.5177243552533844, 0.8185519441250129, -0.24886584085934563], [0.4031267887883124, 0.4899680719018696, 0.7729295444463148]], "fy": 2883.17529296875, "fx": 2892.33056640625}, {"id": 20, "img_name": "0014", "width": 1554, "height": 1162, "position": [1.6954587173591946, 0.23157733364405428, -1.579925902520186], "rotation": [[0.552362477396941, 0.4411477340551497, -0.707307832772917], [-0.6994106521201612, 0.7069223294245319, -0.10528798536321457], [0.4535641445978337, 0.5528557650047619, 0.6990207935649947]], "fy": 2883.17529296875, "fx": 2892.33056640625}, {"id": 21, "img_name": "0015", "width": 1554, "height": 1162, "position": [1.8416653703527448, -0.10236946700075052, -1.4249754471438825], "rotation": [[0.30679901824636, 0.5421411151448252, -0.782277044065972], [-0.8241403246315021, 0.5624583775818625, 0.06658302189192986], [0.4760956707630849, 0.6242784512999822, 0.6193620326780969]], "fy": 2883.17529296875, "fx": 2892.33056640625}, {"id": 22, "img_name": "0017", "width": 1554, "height": 1162, "position": [1.804994509265325, -0.8288352044932095, -1.136534462947344], "rotation": [[-0.2378676180478895, 0.5998026256370597, -0.7639736949418563], [-0.8699717876444093, 0.2182118081125156, 0.44219079083926816], [0.4319352787015827, 0.7698184312415205, 0.4699058394336362]], "fy": 2883.17529296875, "fx": 2892.33056640625}, {"id": 23, "img_name": "0018", "width": 1554, "height": 1162, "position": [1.629725514687194, -1.1618258300756443, -1.0226733756205941], "rotation": [[-0.4938632589863604, 0.5499113866241953, -0.6735700025123043], [-0.787643899342797, 0.04527430739112429, 0.6144650721711752], [0.36839675521296944, 0.833995026334875, 0.41077503185715486]], "fy": 2883.17529296875, "fx": 2892.33056640625}, {"id": 24, "img_name": "0019", "width": 1554, "height": 1162, "position": [1.6695242393922725, -1.3077404532334267, -0.6300762750202344], "rotation": [[-0.6232370331040452, 0.36087592273977054, -0.6937897152267295], [-0.7198983673949846, 0.08180524050341555, 0.6892417886694148], [0.30548640098980373, 0.9290190907688052, 0.20880993222880775]], "fy": 2883.17529296875, "fx": 2892.33056640625}, {"id": 25, "img_name": "0020", "width": 1554, "height": 1162, "position": [1.8887444116643715, -1.0002165775399623, -0.730426373982664], "rotation": [[-0.4234887133474319, 0.4126359141307176, -0.8064669317689622], [-0.8259116248373545, 0.18989131521456623, 0.530858998571752], [0.3721925545008364, 0.8908832082689567, 0.2603839695498796]], "fy": 2883.17529296875, "fx": 2892.33056640625}, {"id": 26, "img_name": "0021", "width": 1554, "height": 1162, "position": [2.0263719111157004, -0.6564821356061855, -0.854176886146134], "rotation": [[-0.20023856299387208, 0.4358433967026571, -0.8774651283332228], [-0.8843218318629695, 0.30513494490388254, 0.3533660468820207], [0.4217575317414865, 0.8467190791219922, 0.32432604809070503]], "fy": 2883.17529296875, "fx": 2892.33056640625}, {"id": 27, "img_name": "0022", "width": 1554, "height": 1162, "position": [2.0757397209507293, -0.2950888894837687, -0.9938520937894173], "rotation": [[0.0333425335920107, 0.4289526296041609, -0.90271142510181], [-0.8914967486895291, 0.42106222508416247, 0.16715307261062304], [0.45179843130500535, 0.7991909935446279, 0.3964491560181291]], "fy": 2883.17529296875, "fx": 2892.33056640625}, {"id": 28, "img_name": "0023", "width": 1554, "height": 1162, "position": [2.032644216009302, 0.0650176873439755, -1.1423167245352341], "rotation": [[0.264732495755974, 0.3925189682587748, -0.8808209609494319], [-0.8471680027807938, 0.5310208043388964, -0.017980000658299883], [0.46067676385423884, 0.7509632247429556, 0.4731079732243448]], "fy": 2883.17529296875, "fx": 2892.33056640625}, {"id": 29, "img_name": "0025", "width": 1554, "height": 1162, "position": [1.6816272479570662, 0.6898912410660745, -1.441708650095498], "rotation": [[0.6716728096863807, 0.24537971692089958, -0.6990310660133942], [-0.6153081648138748, 0.7102832267778693, -0.3418970606357994], [0.4126154372310673, 0.6597624817173502, 0.6280620739041469]], "fy": 2883.17529296875, "fx": 2892.33056640625}, {"id": 30, "img_name": "0026", "width": 1554, "height": 1162, "position": [1.3953721696776638, 0.9222199119184843, -1.570454124416868], "rotation": [[0.8220288209863534, 0.14084013365503284, -0.5517541791593592], [-0.4418409803207023, 0.7689916193296902, -0.46198315717127814], [0.35922857010130277, 0.6235510774208747, 0.69436221690861]], "fy": 2883.17529296875, "fx": 2892.33056640625}, {"id": 31, "img_name": "0027", "width": 1554, "height": 1162, "position": [1.05553554547544, 1.0836738222337203, -1.675841209952116], "rotation": [[0.9260244554972228, 0.02297140856127996, -0.37676388124365456], [-0.24178256900290565, 0.8025950003027209, -0.5453278415920376], [0.28986185873175363, 0.596081856692339, 0.748776684315682]], "fy": 2883.17529296875, "fx": 2892.33056640625}, {"id": 32, "img_name": "0028", "width": 1554, "height": 1162, "position": [0.7225384624715293, 1.4434215376835096, -1.4856862514168934], "rotation": [[0.9740276148569722, -0.09609419328014478, -0.205027099462184], [-0.08712734495175779, 0.6767033188705972, -0.7310823783891772], [0.2089952900371095, 0.7299578921056727, 0.6507552877195448]], "fy": 2883.17529296875, "fx": 2892.33056640625}, {"id": 33, "img_name": "0029", "width": 1554, "height": 1162, "position": [1.0940583906049002, 1.3564493567764115, -1.4070316103913367], "rotation": [[0.9180172662453954, -0.021903773127618962, -0.3959349992083353], [-0.28000936247257674, 0.6711934953975782, -0.6863629132344506], [0.2807829336035789, 0.7409585119686222, 0.6100339562173677]], "fy": 2883.17529296875, "fx": 2892.33056640625}, {"id": 34, "img_name": "0030", "width": 1554, "height": 1162, "position": [1.4333597632945179, 1.1971987535758648, -1.3023249142264108], "rotation": [[0.8195880560495409, 0.048472607080384006, -0.5708991371019624], [-0.4593485831797424, 0.6511456948550315, -0.6041590545564317], [0.34245335085482487, 0.7574032548349584, 0.5559370576366656]], "fy": 2883.17529296875, "fx": 2892.33056640625}, {"id": 35, "img_name": "0031", "width": 1554, "height": 1162, "position": [1.7255451028095121, 0.972856794161249, -1.1759857756621204], "rotation": [[0.6832262198075983, 0.11188426520276344, -0.7215842596450237], [-0.6167831982434745, 0.6173925928851074, -0.4882672143561912], [0.3908713585464789, 0.7786580105865744, 0.49082714229898505]], "fy": 2883.17529296875, "fx": 2892.33056640625}, {"id": 36, "img_name": "0033", "width": 1554, "height": 1162, "position": [2.1161036429071283, 0.3732667200165296, -0.8825894095748493], "rotation": [[0.32375850129332384, 0.2058831390183971, -0.9234676853622069], [-0.838177737362058, 0.5151871666078112, -0.17899794399164584], [0.43890604168878994, 0.8319821611251931, 0.3393628885699369]], "fy": 2883.17529296875, "fx": 2892.33056640625}, {"id": 37, "img_name": "0034", "width": 1554, "height": 1162, "position": [2.196747673261107, 0.023808144870493504, -0.7325993215358131], "rotation": [[0.11715547776139809, 0.234137523833928, -0.9651187564043168], [-0.8920225226666108, 0.4519888738716704, 0.0013700188739367426], [0.43654371268636327, 0.860747162544923, 0.26180891712252613]], "fy": 2883.17529296875, "fx": 2892.33056640625}, {"id": 38, "img_name": "0035", "width": 1554, "height": 1162, "position": [2.194469498557388, -0.3381756449315648, -0.5881637359046096], "rotation": [[-0.09561722117719682, 0.24758233365390683, -0.9641370935073685], [-0.903895828087782, 0.3840901398089957, 0.1882739930712916], [0.41692886561121373, 0.8894817325634021, 0.18706300664790668]], "fy": 2883.17529296875, "fx": 2892.33056640625}, {"id": 39, "img_name": "0036", "width": 1554, "height": 1162, "position": [2.1099571795313277, -0.6933301728662902, -0.4537749473814645], "rotation": [[-0.3041631699369241, 0.24429849515350854, -0.9207621904268509], [-0.8733302772162774, 0.31455545646964, 0.37195307728598775], [0.38049834815838696, 0.9172639260708487, 0.11767708773517148]], "fy": 2883.17529296875, "fx": 2892.33056640625}, {"id": 40, "img_name": "0037", "width": 1554, "height": 1162, "position": [1.947211332914939, -1.0270571575920435, -0.33681987947851183], "rotation": [[-0.49897652707428913, 0.22500621689827233, -0.8368958285151198], [-0.8018361334943487, 0.246478729758834, 0.5443409325039822], [0.3287571146784725, 0.9426666633193301, 0.05743101439715637]], "fy": 2883.17529296875, "fx": 2892.33056640625}, {"id": 41, "img_name": "0038", "width": 1554, "height": 1162, "position": [1.8192812743587634, -1.1617040729607027, 0.10791791726043609], "rotation": [[-0.6362975750462645, 0.03157119803176259, -0.7707974153077329], [-0.7276657338719235, 0.3072372905440153, 0.6132763056305103], [0.2561795771307266, 0.951109092982509, -0.1725210639519429]], "fy": 2883.17529296875, "fx": 2892.33056640625}, {"id": 42, "img_name": "0039", "width": 1554, "height": 1162, "position": [2.0348206311669896, -0.8548189946607999, 0.008339066454286542], "rotation": [[-0.46965365946991994, 0.04291580166279261, -0.8818070503880948], [-0.8247216976030751, 0.3351120563298155, 0.4555590315262164], [0.3150548549843568, 0.9412003738152903, -0.12199301078645253]], "fy": 2883.17529296875, "fx": 2892.33056640625}, {"id": 43, "img_name": "0041", "width": 1554, "height": 1162, "position": [2.2543655073378823, -0.16018074001914628, -0.24704329114136248], "rotation": [[-0.08620751079391416, 0.047456433483023155, -0.995146296784442], [-0.9143024676815482, 0.39301090504288566, 0.09794603671820028], [0.39575151632577243, 0.9183083988717752, 0.00950904240228286]], "fy": 2883.17529296875, "fx": 2892.33056640625}, {"id": 44, "img_name": "0042", "width": 1554, "height": 1162, "position": [2.2489376579151226, 0.19910805230190262, -0.3924641694238646], "rotation": [[0.1163256634085044, 0.03981567775149735, -0.9924127426820758], [-0.9025772511548366, 0.42125050269203157, -0.08889499243202505], [0.4145149523604067, 0.9060699342693694, 0.08493896916462984]], "fy": 2883.17529296875, "fx": 2892.33056640625}, {"id": 45, "img_name": "0043", "width": 1554, "height": 1162, "position": [2.166232281000279, 0.5453046117163787, -0.5425636323066575], "rotation": [[0.3116187500342733, 0.02703508345646519, -0.9498225407356783], [-0.8534517539914388, 0.44742475859693054, -0.2672661389016854], [0.4177485586282898, 0.8939128535024989, 0.16249908340358707]], "fy": 2883.17529296875, "fx": 2892.33056640625}, {"id": 46, "img_name": "0044", "width": 1554, "height": 1162, "position": [2.009351976642942, 0.8661651902035045, -0.6924067424059281], "rotation": [[0.49451934076119913, 0.009316781775712952, -0.8691166890530019], [-0.7691181073137606, 0.4704612359794714, -0.4325778108534535], [0.404855478677524, 0.8823714767704197, 0.23981788583585892]], "fy": 2883.17529296875, "fx": 2892.33056640625}, {"id": 47, "img_name": "0045", "width": 1554, "height": 1162, "position": [1.7852312857999373, 1.1473112637144218, -0.8346978555053062], "rotation": [[0.6570528440134802, -0.012963961484643289, -0.7537330401915668], [-0.6530517976915952, 0.4896701123637629, -0.5777079976851933], [0.37656992671424644, 0.8718113997650434, 0.3132730016042599]], "fy": 2883.17529296875, "fx": 2892.33056640625}, {"id": 48, "img_name": "0046", "width": 1554, "height": 1162, "position": [1.5021192470438531, 1.3795171668099893, -0.963312413463217], "rotation": [[0.793904344660446, -0.039661576393131046, -0.6067477654571786], [-0.5083118358458202, 0.5042991850262457, -0.6980697741063685], [0.3336689513100064, 0.8626176970940698, 0.380204865292127]], "fy": 2883.17529296875, "fx": 2892.33056640625}, {"id": 49, "img_name": "0047", "width": 1554, "height": 1162, "position": [1.1718194986349684, 1.550607052640145, -1.0720674479027363], "rotation": [[0.8966865299447141, -0.06893174678747682, -0.4372661446996946], [-0.3439939893482735, 0.5131974793239727, -0.7863183086433766], [0.27860617779935704, 0.8554979611316135, 0.4364651603412182]], "fy": 2883.17529296875, "fx": 2892.33056640625}, {"id": 50, "img_name": "0049", "width": 1554, "height": 1162, "position": [1.9088026321711329, 1.2057793517962925, -2.0854625466295054], "rotation": [[0.7687937191033595, 0.18345670828027172, -0.6126172162567683], [-0.5128005758392526, 0.749223738095562, -0.41916507451485463], [0.38208871598904326, 0.6364019378200226, 0.6700752096987057]], "fy": 2883.17529296875, "fx": 2892.33056640625}, {"id": 51, "img_name": "0050", "width": 1554, "height": 1162, "position": [2.3120846339634933, 0.834869540584984, -1.886141559786611], "rotation": [[0.5891372674722707, 0.2879839819964213, -0.7549718578786836], [-0.6838492307707404, 0.6754050986949452, -0.27600395328896593], [0.4304271246675476, 0.6788911391161003, 0.5948439388445269]], "fy": 2883.17529296875, "fx": 2892.33056640625}, {"id": 52, "img_name": "0051", "width": 1554, "height": 1162, "position": [2.5982555283555637, 0.37701732641391955, -1.663894440941882], "rotation": [[0.37035019771887506, 0.3674665959357528, -0.8531172439477357], [-0.8091312414846745, 0.5787103661459221, -0.10198502914017188], [0.45623170111584666, 0.7280539904338434, 0.5116542014977478]], "fy": 2883.17529296875, "fx": 2892.33056640625}, {"id": 53, "img_name": "0052", "width": 1554, "height": 1162, "position": [2.7461297439811516, -0.1435641471549292, -1.4381887220581964], "rotation": [[0.1267937237058935, 0.4194560791622788, -0.8988770490354071], [-0.8803137503966483, 0.46520471659911433, 0.09291002376775814], [0.4571335171384625, 0.7795134182987141, 0.4282379924771656]], "fy": 2883.17529296875, "fx": 2892.33056640625}, {"id": 54, "img_name": "0053", "width": 1554, "height": 1162, "position": [2.746846693941598, -0.6829957442428601, -1.2204613648793126], "rotation": [[-0.1244659593369687, 0.43799506618529727, -0.890319351111535], [-0.8927337238643427, 0.3421885880658648, 0.29314410871240976], [0.43305279498189503, 0.8313045724611567, 0.34842213558202917]], "fy": 2883.17529296875, "fx": 2892.33056640625}, {"id": 55, "img_name": "0054", "width": 1554, "height": 1162, "position": [2.936827444331924, -0.5462114318394854, -0.6869304827176137], "rotation": [[-0.16307114602435016, 0.2353241911644472, -0.9581389911631314], [-0.89943322843129, 0.3636779299523803, 0.24240097124231616], [0.4054968174079441, 0.9013106502856547, 0.1523530201659229]], "fy": 2883.17529296875, "fx": 2892.33056640625}, {"id": 56, "img_name": "0055", "width": 1554, "height": 1162, "position": [2.952412103860914, -0.0035950494710657948, -0.9022672521428324], "rotation": [[0.06285696323127257, 0.2256647524808276, -0.972175098251909], [-0.89981389105362, 0.43418844465536727, 0.04260699466868088], [0.4317220907485349, 0.8720985116462013, 0.23034804610457152]], "fy": 2883.17529296875, "fx": 2892.33056640625}, {"id": 57, "img_name": "0057", "width": 1554, "height": 1162, "position": [2.5938139636431004, 0.9991978015703491, -1.35091825895071], "rotation": [[0.4927105021198732, 0.1592565474235428, -0.8554961795376501], [-0.7592473053388076, 0.5590300445970857, -0.33321005172944546], [0.42518218499431737, 0.8137092609406096, 0.3963550784624121]], "fy": 2883.17529296875, "fx": 2892.33056640625}, {"id": 58, "img_name": "0058", "width": 1554, "height": 1162, "position": [2.239032575208171, 1.4089223924412357, -1.5619324817692806], "rotation": [[0.6741145684041028, 0.10577933974499898, -0.7310131872602998], [-0.625928218881633, 0.6072586008036682, -0.4893371604095049], [0.3921522835239096, 0.7874310909743679, 0.4755721433115065]], "fy": 2883.17529296875, "fx": 2892.33056640625}, {"id": 59, "img_name": "0059", "width": 1554, "height": 1162, "position": [2.0025725054480845, 1.928484169601313, -1.188972438963814], "rotation": [[0.7623667555399767, -0.0477805385758117, -0.6453789198454306], [-0.5491866510342921, 0.4797761772406067, -0.6842578768842404], [0.3423316409173829, 0.876088945190952, 0.33952497366322926]], "fy": 2883.17529296875, "fx": 2892.33056640625}, {"id": 60, "img_name": "0060", "width": 1554, "height": 1162, "position": [2.417375441896681, 1.5725852057132503, -0.9941168753481694], "rotation": [[0.6070949368874524, -0.02483684614983601, -0.7942410645886734], [-0.695850663856838, 0.46601733987478833, -0.5464610622414223], [0.38370247746869973, 0.8844269161492967, 0.2656340316582696]], "fy": 2883.17529296875, "fx": 2892.33056640625}, {"id": 61, "img_name": "0061", "width": 1554, "height": 1162, "position": [2.737094756473641, 1.1393297345310625, -0.7781619658154336], "rotation": [[0.42494542767872706, -0.006294864155315993, -0.9051970825075663], [-0.8081079773734827, 0.44796090470267347, -0.38248205809331853], [0.40790057661185297, 0.8940309852254721, 0.1852720082918338]], "fy": 2883.17529296875, "fx": 2892.33056640625}, {"id": 62, "img_name": "0062", "width": 1554, "height": 1162, "position": [2.9455787150501163, 0.6486797965787683, -0.5532676184177625], "rotation": [[0.2232473554883128, 0.008298950953111082, -0.9747264978857159], [-0.8824883118787342, 0.4263984848860311, -0.19849108666214493], [0.4139746340838975, 0.9044973518479613, 0.10251606135200518]], "fy": 2883.17529296875, "fx": 2892.33056640625}, {"id": 63, "img_name": "0063", "width": 1554, "height": 1162, "position": [3.034676402088674, 0.12104586486188335, -0.3297980778370743], "rotation": [[0.010185183732098027, 0.01746063560661212, -0.9997956732435666], [-0.9152914783616293, 0.4027856323155388, -0.002289986627636263], [0.40266334781170066, 0.9151277837572109, 0.020084016647292736]], "fy": 2883.17529296875, "fx": 2892.33056640625}]