[{"id": 0, "img_name": "0000", "width": 1554, "height": 1162, "position": [1.2325440363703102, 0.17633212540739804, -3.041973602147901], "rotation": [[0.9702626862455451, -0.01474286689398862, -0.24160498247206116], [0.0074799078337503535, 0.9994929147565852, -0.030950998856002755], [0.24193877460708413, 0.028223416290942147, 0.9698809556406862]], "fy": 2883.17529296875, "fx": 2892.3303222656255}, {"id": 1, "img_name": "0008", "width": 1554, "height": 1162, "position": [2.332084142447404, -0.25901194542783734, -2.447482592413404], "rotation": [[0.3993877720915502, 0.647538905078103, -0.6489859581793733], [-0.7781769365450845, 0.6137046205914612, 0.13344397361439095], [0.4846958457971921, 0.451730013475906, 0.7490059625877502]], "fy": 2883.17529296875, "fx": 2892.3303222656255}, {"id": 2, "img_name": "0016", "width": 1554, "height": 1162, "position": [2.7446817096628364, -0.5915339849517737, -1.8840508996158043], "rotation": [[0.03548630565368515, 0.5967745258566919, -0.8016239064546253], [-0.8824023698510928, 0.39527085236810794, 0.25519994308260524], [0.4691553898147485, 0.6982987316018194, 0.5406219581658346]], "fy": 2883.17529296875, "fx": 2892.3303222656255}, {"id": 3, "img_name": "0024", "width": 1554, "height": 1162, "position": [2.7715453720362864, 0.6177198229112341, -1.9165157844056107], "rotation": [[0.4815131255577756, 0.33113480518189, -0.8114769563658192], [-0.753669041592798, 0.6290335493966538, -0.19052498386836497], [0.44735677670085094, 0.7033253404581689, 0.552453961710137]], "fy": 2883.17529296875, "fx": 2892.3303222656255}, {"id": 4, "img_name": "0032", "width": 1554, "height": 1162, "position": [2.853300435597109, 1.0305315080644852, -1.5502631792927675], "rotation": [[0.5154687862120324, 0.1649987936551888, -0.8408729562385905], [-0.7449108619286594, 0.5713160898116756, -0.34453698394076515], [0.4235560626667921, 0.8039734595212891, 0.4174050049575046]], "fy": 2883.17529296875, "fx": 2892.3303222656255}, {"id": 5, "img_name": "0040", "width": 1554, "height": 1162, "position": [3.168769757083507, -0.6610861302352288, -0.26184189201102936], "rotation": [[-0.283875608789483, 0.04851553723823952, -0.9576329575473504], [-0.8878290349037552, 0.3639357366573837, 0.2816209941845857], [0.36217984968281647, 0.9301596756633416, -0.06023897619980046]], "fy": 2883.17529296875, "fx": 2892.3303222656255}, {"id": 6, "img_name": "0048", "width": 1554, "height": 1162, "position": [1.2510381522296932, 2.3720590313197083, -1.7227919364424376], "rotation": [[0.9629555798108843, -0.09971570217985043, -0.25054606372853483], [-0.16514915149109594, 0.5164091500368369, -0.840266236094253], [0.21317201756528623, 0.8505165304078524, 0.4808111088880271]], "fy": 2883.17529296875, "fx": 2892.3303222656255}, {"id": 7, "img_name": "0001", "width": 1554, "height": 1162, "position": [1.701694540651928, -0.10423401642814865, -2.8711259315600746], "rotation": [[0.8022554268374071, 0.42799303107872994, -0.41618288703161627], [-0.43934762719311177, 0.8952822595615479, 0.0737789820623177], [0.4041780456552683, 0.12365937514968539, 0.9062827739441355]], "fy": 2883.17529296875, "fx": 2892.3303222656255}, {"id": 8, "img_name": "0002", "width": 1554, "height": 1162, "position": [1.9530859466456456, -0.5755005912934033, -2.6490067760524543], "rotation": [[0.42349436103654353, 0.7491760074499823, -0.5093013214508225], [-0.7608595128184494, 0.5992920502717535, 0.24888117693941753], [0.4916760396073022, 0.2821069803148838, 0.8238144959477808]], "fy": 2883.17529296875, "fx": 2892.3303222656255}, {"id": 9, "img_name": "0003", "width": 1554, "height": 1162, "position": [1.9142508575013049, -1.11584710105745, -2.4323976279186965], "rotation": [[-0.06928993618436462, 0.8659440852608723, -0.49531782316536715], [-0.8737050032369137, 0.18696788154515684, 0.4490908355659251], [0.48149607689196305, 0.46387913562934396, 0.7436246872350469]], "fy": 2883.17529296875, "fx": 2892.3303222656255}, {"id": 10, "img_name": "0004", "width": 1554, "height": 1162, "position": [1.5937353606487912, -1.5725433913218843, -2.2846291496173117], "rotation": [[-0.5462872850880168, 0.7481358480923268, -0.3766469898331042], [-0.7487468742279694, -0.2346248150332563, 0.6199429929472994], [0.3754308464750984, 0.6206802308514304, 0.6883369309758164]], "fy": 2883.17529296875, "fx": 2892.3303222656255}, {"id": 11, "img_name": "0005", "width": 1554, "height": 1162, "position": [1.9215309973863677, -1.7172915647161848, -1.904576130347976], "rotation": [[-0.5951046230230335, 0.6311270320826006, -0.4975230216092724], [-0.7244323527849121, -0.15326912168718174, 0.6720910225376887], [0.34791989580236576, 0.7603862477135205, 0.5484200036404795]], "fy": 2883.17529296875, "fx": 2892.3303222656255}, {"id": 12, "img_name": "0006", "width": 1554, "height": 1162, "position": [2.2416448324678644, -1.2834646783526955, -2.0418576928386214], "rotation": [[-0.285236031743377, 0.7346833410602257, -0.6155329354014091], [-0.8534112527686182, 0.09764205802724694, 0.5120109980772891], [0.4362678533231496, 0.6713467188217932, 0.5991359973194927]], "fy": 2883.17529296875, "fx": 2892.3303222656255}, {"id": 13, "img_name": "0007", "width": 1554, "height": 1162, "position": [2.3865842203771477, -0.777417829863404, -2.2292983560114408], "rotation": [[0.06040339156759353, 0.7407433924442662, -0.6690670047441372], [-0.8726902360023286, 0.36455604545385456, 0.32482401652163445], [0.48452366533878594, 0.5642677700110176, 0.668459947531235]], "fy": 2883.17529296875, "fx": 2892.3303222656255}, {"id": 14, "img_name": "0009", "width": 1554, "height": 1162, "position": [2.0865375726177406, 0.19451935996651668, -2.662820291068752], "rotation": [[0.685912100726239, 0.4666235957713083, -0.55837891251978], [-0.5816594978769943, 0.8126622411784972, -0.035387996442645134], [0.43726058432792714, 0.3490594528618248, 0.8288309114415334]], "fy": 2883.17529296875, "fx": 2892.3303222656255}, {"id": 15, "img_name": "0010", "width": 1554, "height": 1162, "position": [1.6853303729558748, 0.5309833298377908, -2.849061373333524], "rotation": [[0.8850516072730049, 0.2205749814115256, -0.40991502782744577], [-0.30796220766525195, 0.937797668879265, -0.16029601022658288], [0.3490600680590874, 0.26810857841539065, 0.8979280923696861]], "fy": 2883.17529296875, "fx": 2892.3303222656255}, {"id": 16, "img_name": "0011", "width": 1554, "height": 1162, "position": [1.2036227346936803, 1.2114959318426293, -2.8041720435440602], "rotation": [[0.9710187943561962, -0.05860778373556724, -0.2317059099217028], [-0.043489523653759105, 0.9099561332737756, -0.41241786679265985], [0.2350131109947026, 0.41054227943421845, 0.8810356828514653]], "fy": 2883.17529296875, "fx": 2892.3303222656255}, {"id": 17, "img_name": "0012", "width": 1554, "height": 1162, "position": [1.7155296874201782, 1.0539754363182088, -2.6802634123349454], "rotation": [[0.8979907559397515, 0.12880768058603742, -0.4207388544795917], [-0.2933246196485608, 0.8879781758831264, -0.3541968755696508], [0.32798364251099593, 0.4414785845058862, 0.835178657335003]], "fy": 2883.17529296875, "fx": 2892.3303222656255}, {"id": 18, "img_name": "0013", "width": 1554, "height": 1162, "position": [2.155285158822763, 0.7705699356784649, -2.5122161109110572], "rotation": [[0.7546192915016545, 0.29983997390904543, -0.5836486228372034], [-0.5177243696150676, 0.8185519345121957, -0.24886584260002975], [0.4031267815467262, 0.4899680811568903, 0.7729295423563608]], "fy": 2883.17529296875, "fx": 2892.3303222656255}, {"id": 19, "img_name": "0014", "width": 1554, "height": 1162, "position": [2.4893074413949714, 0.38398835592132496, -2.3129349010225617], "rotation": [[0.5523625024354101, 0.44114771978936185, -0.7073078221170316], [-0.6994106182259038, 0.706922364072064, -0.10528797788742583], [0.4535641663713641, 0.5528557320851534, 0.6990208054732266]], "fy": 2883.17529296875, "fx": 2892.3303222656255}, {"id": 20, "img_name": "0015", "width": 1554, "height": 1162, "position": [2.6935028267551218, -0.08240847045386845, -2.0965283548211033], "rotation": [[0.30679907766505576, 0.5421411186113387, -0.7822770183603229], [-0.8241403010722288, 0.5624584148102832, 0.06658299901385435], [0.47609567325533075, 0.6242784147477384, 0.619362067604728]], "fy": 2883.17529296875, "fx": 2892.3303222656255}, {"id": 21, "img_name": "0017", "width": 1554, "height": 1162, "position": [2.64228706085869, -1.0970058763381834, -1.6936853185450593], "rotation": [[-0.23786764851842043, 0.5998026311914357, -0.7639736810938893], [-0.869971751768569, 0.21821183740483624, 0.4421908469667059], [0.4319353341798338, 0.769818418610672, 0.46990580913063795]], "fy": 2883.17529296875, "fx": 2892.3303222656255}, {"id": 22, "img_name": "0018", "width": 1554, "height": 1162, "position": [2.3975030841117193, -1.5620678127505196, -1.534664430463272], "rotation": [[-0.4938632589863604, 0.5499113866241953, -0.6735700025123043], [-0.787643899342797, 0.04527430739112429, 0.6144650721711752], [0.36839675521296944, 0.833995026334875, 0.41077503185715486]], "fy": 2883.17529296875, "fx": 2892.3303222656255}, {"id": 23, "img_name": "0019", "width": 1554, "height": 1162, "position": [2.453086795033214, -1.765854667864696, -0.9863551184595696], "rotation": [[-0.6232369830180525, 0.36087591137507274, -0.6937897661307543], [-0.7198984155067664, 0.08180525679893548, 0.6892417364835849], [0.30548638979405124, 0.9290190937484928, 0.20880993535108947]], "fy": 2883.17529296875, "fx": 2892.3303222656255}, {"id": 24, "img_name": "0020", "width": 1554, "height": 1162, "position": [2.7592542019668436, -1.336360780916281, -1.12650622128593], "rotation": [[-0.4234886922978969, 0.4126359536073227, -0.8064669226238556], [-0.825911644366148, 0.18989127565032846, 0.5308589823411639], [0.3721925351161975, 0.890883198417428, 0.2603840309644807]], "fy": 2883.17529296875, "fx": 2892.3303222656255}, {"id": 25, "img_name": "0021", "width": 1554, "height": 1162, "position": [2.9514677064995825, -0.8562939728680494, -1.2993387077263467], "rotation": [[-0.20023856316849917, 0.4358434166523812, -0.8774651183841972], [-0.8843218414273106, 0.3051349175273574, 0.353366046586515], [0.4217575116045061, 0.8467190787187633, 0.324326075329788]], "fy": 2883.17529296875, "fx": 2892.3303222656255}, {"id": 26, "img_name": "0022", "width": 1554, "height": 1162, "position": [3.020415316725551, -0.35156441852316966, -1.494412058469542], "rotation": [[0.03334258003052245, 0.42895267056201103, -0.9027114039241042], [-0.8914967466069078, 0.4210622363947723, 0.1671530552264358], [0.4517984319873269, 0.7991909656020592, 0.39644921156920093]], "fy": 2883.17529296875, "fx": 2892.3303222656255}, {"id": 27, "img_name": "0023", "width": 1554, "height": 1162, "position": [2.960228515596478, 0.15136772023366052, -1.7017609698698248], "rotation": [[0.2647325195154496, 0.39251896542717996, -0.8808209550703129], [-0.8471679554952146, 0.5310208805721425, -0.017979977153618865], [0.4606768371570903, 0.7509631723169667, 0.47310798506321683]], "fy": 2883.17529296875, "fx": 2892.3303222656255}, {"id": 28, "img_name": "0025", "width": 1554, "height": 1162, "position": [2.469990554345608, 1.0240795370566136, -2.1198982441971346], "rotation": [[0.6716728256948281, 0.24537972626636279, -0.6990310473509526], [-0.6153081513217792, 0.7102832404027003, -0.3418970566120952], [0.412615431291777, 0.6597624635734324, 0.6280620968657606]], "fy": 2883.17529296875, "fx": 2892.3303222656255}, {"id": 29, "img_name": "0026", "width": 1554, "height": 1162, "position": [2.070199829391785, 1.3485544569770163, -2.299706286448423], "rotation": [[0.8220288302671959, 0.14084012950994518, -0.551754166390402], [-0.44184098113562914, 0.7689916009557881, -0.4619831869760617], [0.3592285478614556, 0.6235511010166497, 0.6943622072249281]], "fy": 2883.17529296875, "fx": 2892.3303222656255}, {"id": 30, "img_name": "0027", "width": 1554, "height": 1162, "position": [1.5955770503609477, 1.5740444783365106, -2.446892347363371], "rotation": [[0.9260244740513388, 0.022971409486065946, -0.3767638355842619], [-0.2417825426889164, 0.8025950005282512, -0.54532785292697], [0.289861821406034, 0.5960818563530349, 0.7487766990350972]], "fy": 2883.17529296875, "fx": 2892.3303222656255}, {"id": 31, "img_name": "0028", "width": 1554, "height": 1162, "position": [1.1305063963590878, 2.0764756622695244, -2.1813181065944867], "rotation": [[0.9740276166614368, -0.09609419752138418, -0.205027088901838], [-0.08712733428363927, 0.6767033185345992, -0.7310823799715651], [0.20899528607475326, 0.7299578918588263, 0.650755289268977]], "fy": 2883.17529296875, "fx": 2892.3303222656255}, {"id": 32, "img_name": "0029", "width": 1554, "height": 1162, "position": [1.6493788111650602, 1.9550088654080748, -2.071467707854202], "rotation": [[0.9180172771278875, -0.02190379681846246, -0.39593497266550565], [-0.28000933562060676, 0.6711934754055816, -0.6863629437391587], [0.28078292480135897, 0.7409585293779353, 0.6100339391231293]], "fy": 2883.17529296875, "fx": 2892.3303222656255}, {"id": 33, "img_name": "0030", "width": 1554, "height": 1162, "position": [2.1232539829238553, 1.7325955029264049, -1.9252317549001123], "rotation": [[0.8195880634420551, 0.04847258306292866, -0.5708991285284198], [-0.4593485608315695, 0.651145701563208, -0.6041590643181012], [0.3424533631390815, 0.7574032506049635, 0.555937055832553]], "fy": 2883.17529296875, "fx": 2892.3303222656255}, {"id": 34, "img_name": "0031", "width": 1554, "height": 1162, "position": [2.531326430693528, 1.419274953946866, -1.7487837886664768], "rotation": [[0.6832261749979633, 0.1118843006628799, -0.721584296574441], [-0.6167832449677532, 0.6173925842022165, -0.48826716631282663], [0.39087136314227594, 0.7786580123759641, 0.4908271358003872]], "fy": 2883.17529296875, "fx": 2892.3303222656255}, {"id": 35, "img_name": "0033", "width": 1554, "height": 1162, "position": [3.076789312310848, 0.5818748208131015, -1.3390202999852172], "rotation": [[0.323758510719934, 0.20588313974782926, -0.9234676818947083], [-0.8381777249488572, 0.5151871868158585, -0.1789979439555647], [0.4389060584407191, 0.8319821484312856, 0.339362898024658]], "fy": 2883.17529296875, "fx": 2892.3303222656255}, {"id": 36, "img_name": "0034", "width": 1554, "height": 1162, "position": [3.1894179020885205, 0.09381394996960254, -1.1295409152425286], "rotation": [[0.11715550588781212, 0.23413751431502722, -0.965118755299342], [-0.892022515780067, 0.45198888754232397, 0.0013699925738480992], [0.4365437192098528, 0.8607471579555943, 0.2618089213334725]], "fy": 2883.17529296875, "fx": 2892.3303222656255}, {"id": 37, "img_name": "0035", "width": 1554, "height": 1162, "position": [3.1862363552050823, -0.411740486554179, -0.9278190237910785], "rotation": [[-0.09561720836265315, 0.2475823021074931, -0.964137102879091], [-0.9038958376723042, 0.38409013086016863, 0.18827396531252516], [0.4169288477709551, 0.8894817452083954, 0.18706298628379453]], "fy": 2883.17529296875, "fx": 2892.3303222656255}, {"id": 38, "img_name": "0036", "width": 1554, "height": 1162, "position": [3.068204716744936, -0.9077566799739321, -0.7401288989705948], "rotation": [[-0.30416316938373883, 0.2442984658133932, -0.920762198394168], [-0.8733302932555121, 0.3145554301950036, 0.37195306184662236], [0.3804983117868988, 0.9172639428954232, 0.11767707419570465]], "fy": 2883.17529296875, "fx": 2892.3303222656255}, {"id": 39, "img_name": "0037", "width": 1554, "height": 1162, "position": [2.8409100004113954, -1.373846332655357, -0.5767871955011128], "rotation": [[-0.49897649333766225, 0.2250062122367361, -0.8368958498829628], [-0.8018361342897956, 0.2464787934293368, 0.5443409025021133], [0.32875716394269894, 0.9426666477840907, 0.05743098738362532]], "fy": 2883.17529296875, "fx": 2892.3303222656255}, {"id": 40, "img_name": "0038", "width": 1554, "height": 1162, "position": [2.6622408672241153, -1.5618977932863536, 0.04434311966997745], "rotation": [[-0.6362975854789195, 0.03157120206940125, -0.7707974065301397], [-0.7276657208468205, 0.30723730487192047, 0.6132763139071291], [0.2561795882153256, 0.9511090882201324, -0.17252107374722217]], "fy": 2883.17529296875, "fx": 2892.3303222656255}, {"id": 41, "img_name": "0039", "width": 1554, "height": 1162, "position": [2.963267429805589, -1.133295422901544, -0.09473073585868913], "rotation": [[-0.4696536346600689, 0.042915774460791395, -0.881807064925779], [-0.8247217233538857, 0.3351120317449959, 0.4555590029929576], [0.31505482456039796, 0.9412003838089801, -0.12199301225498702]], "fy": 2883.17529296875, "fx": 2892.3303222656255}, {"id": 42, "img_name": "0041", "width": 1554, "height": 1162, "position": [3.2698879833470706, -0.1631488075885624, -0.4514029848957153], "rotation": [[-0.08620749927850206, 0.047456400504119325, -0.9951462993546927], [-0.9143024722141522, 0.3930109004011999, 0.09794601303231847], [0.39575150836255313, 0.9183084025625765, 0.00950901739052142]], "fy": 2883.17529296875, "fx": 2892.3303222656255}, {"id": 43, "img_name": "0042", "width": 1554, "height": 1162, "position": [3.2623074728756, 0.33864149164846064, -0.6545011905612705], "rotation": [[0.11632566555826432, 0.03981568874270918, -0.9924127419891234], [-0.902577249361509, 0.4212505071756036, -0.08889498939371697], [0.41451495566196295, 0.9060699317018749, 0.08493898044078699]], "fy": 2883.17529296875, "fx": 2892.3303222656255}, {"id": 44, "img_name": "0043", "width": 1554, "height": 1162, "position": [3.1467999026290734, 0.8221467280147897, -0.8641331357289693], "rotation": [[0.3116187570168563, 0.02703506311426719, -0.9498225390238311], [-0.8534517372805205, 0.4474247844271959, -0.2672661490221665], [0.41774858755970806, 0.8939128411890528, 0.16249907676409744]], "fy": 2883.17529296875, "fx": 2892.3303222656255}, {"id": 45, "img_name": "0044", "width": 1554, "height": 1162, "position": [2.9276971481480474, 1.2702675700038324, -1.0734073647336988], "rotation": [[0.49451938361189157, 0.009316800448851437, -0.8691166644711807], [-0.7691181026332755, 0.47046120899133675, -0.4325778485269439], [0.4048554352283105, 0.8823714909627383, 0.23981790696753466]], "fy": 2883.17529296875, "fx": 2892.3303222656255}, {"id": 46, "img_name": "0045", "width": 1554, "height": 1162, "position": [2.614685570787402, 1.6629222558189587, -1.272134255953939], "rotation": [[0.6570528697838456, -0.0129639730181466, -0.7537330175283536], [-0.6530517738513194, 0.4896701129886539, -0.577708024105018], [0.3765699230932523, 0.8718113992425562, 0.31327300741091374]], "fy": 2883.17529296875, "fx": 2892.3303222656255}, {"id": 47, "img_name": "0046", "width": 1554, "height": 1162, "position": [2.2192853465623013, 1.9872254419732271, -1.451760089393734], "rotation": [[0.7939043567259011, -0.03966157765432991, -0.6067477495875886], [-0.508311800640884, 0.5042992387018058, -0.6980697609651926], [0.3336689762337153, 0.8626176656565459, 0.380204914745188]], "fy": 2883.17529296875, "fx": 2892.3303222656255}, {"id": 48, "img_name": "0047", "width": 1554, "height": 1162, "position": [1.757981634515101, 2.2261731099120916, -1.603649326591216], "rotation": [[0.8966865202791017, -0.0689317301565507, -0.43726616714237215], [-0.3439940145770946, 0.5131974851337868, -0.7863182938145914], [0.2786061777579423, 0.8554979589864496, 0.43646516457230433]], "fy": 2883.17529296875, "fx": 2892.3303222656255}]