[{"id": 0, "img_name": "DSCF4667", "width": 3114, "height": 2075, "position": [-2.435030252990346, 1.7857123908132153, -3.1981375458493506], "rotation": [[0.8374182130519241, -0.16963291984305393, 0.5195723327453474], [0.21721822904684143, 0.9756121828431724, -0.031577043207587314], [-0.5015445916552943, 0.13930377307704175, 0.8538427732245699]], "fy": 3173.9530257001675, "fx": 3172.5294374200544}, {"id": 1, "img_name": "DSCF4675", "width": 3114, "height": 2075, "position": [-0.9455337600222289, 2.1043745202801647, -3.921070277726451], "rotation": [[0.9833456197124472, -0.08075798701685616, 0.16281750435787964], [0.08028691292588368, 0.9967266931163566, 0.009482132785605491], [-0.16305031065647937, 0.0037479010549338223, 0.9866106371981339]], "fy": 3173.9530257001675, "fx": 3172.5294374200544}, {"id": 2, "img_name": "DSCF4683", "width": 3114, "height": 2075, "position": [1.2405060914819912, 2.175399263024213, -4.314364890590927], "rotation": [[0.9544918302055666, 0.15962936245848977, -0.2519202506983588], [-0.16565351211051993, 0.9861801949962559, -0.002745345624226043], [0.2480005241854898, 0.04435188426936017, 0.9677441037616709]], "fy": 3173.9530257001675, "fx": 3172.5294374200544}, {"id": 3, "img_name": "DSCF4691", "width": 3114, "height": 2075, "position": [2.1399095921128004, -1.4141249521063113, 3.05082867990153], "rotation": [[-0.9547666169939061, 0.1873698806572967, -0.2308965891833005], [-0.09147035351010528, 0.5537827573049943, 0.8276217929346797], [0.2829379463817956, 0.8113058520275495, -0.5115945005207775]], "fy": 3173.9530257001675, "fx": 3172.5294374200544}, {"id": 4, "img_name": "DSCF4699", "width": 3114, "height": 2075, "position": [1.5406691594842195, -1.7755418888578312, 3.1193822305139096], "rotation": [[-0.946659950032299, -0.00882151051825273, -0.32211352029528606], [-0.2091352176612854, 0.7773093982018209, 0.5933401724145179], [0.24514771004154232, 0.6290566591486805, -0.7376925645837086]], "fy": 3173.9530257001675, "fx": 3172.5294374200544}, {"id": 5, "img_name": "DSCF4707", "width": 3114, "height": 2075, "position": [2.9227258176413664, -1.4629291844717947, 2.8573100992843803], "rotation": [[-0.9093393771003355, 0.21026331182696595, -0.3590142573134515], [-0.11000869760163164, 0.7106798100647874, 0.6948613487727394], [0.4012480326515831, 0.6713594769315719, -0.623118342714608]], "fy": 3173.9530257001675, "fx": 3172.5294374200544}, {"id": 6, "img_name": "DSCF4715", "width": 3114, "height": 2075, "position": [1.7151149609616, -1.5639673192234835, 3.4945133817487437], "rotation": [[-0.9249795807908342, 0.12732892009800373, -0.35805044508656597], [-0.226351744533463, 0.572220890486195, 0.7882437061200323], [0.3052501644007251, 0.8101546757242484, -0.500471516207933]], "fy": 3173.9530257001675, "fx": 3172.5294374200544}, {"id": 7, "img_name": "DSCF4723", "width": 3114, "height": 2075, "position": [1.8566139590856194, -1.9207640429294528, 3.151772310082153], "rotation": [[-0.9478794717328398, 0.09804477573561753, -0.30316947243814846], [-0.11175619501953288, 0.7887350766901007, 0.6044894802007867], [0.2983874326144266, 0.606864235846547, -0.7366686767524175]], "fy": 3173.9530257001675, "fx": 3172.5294374200544}, {"id": 8, "img_name": "DSCF4731", "width": 3114, "height": 2075, "position": [2.0577607480543962, -2.3346782316377803, 2.8545847620069296], "rotation": [[-0.9747853034514093, 0.1511435479910063, -0.16416223705783467], [-0.029354394525634687, 0.6424268781230278, 0.7657845818421348], [0.22120563215518657, 0.7512944390622031, -0.621791551998765]], "fy": 3173.9530257001675, "fx": 3172.5294374200544}, {"id": 9, "img_name": "DSCF4739", "width": 3114, "height": 2075, "position": [0.7384447220709754, -1.929007237165484, 3.5938474106598415], "rotation": [[-0.9749305288500709, -0.0642205715548598, -0.21304032976243498], [-0.19815786244936465, 0.6860989876316079, 0.7000011719421482], [0.10121227922351411, 0.7246681291184603, -0.6816246600397694]], "fy": 3173.9530257001675, "fx": 3172.5294374200544}, {"id": 10, "img_name": "DSCF4747", "width": 3114, "height": 2075, "position": [2.0707509896813576, -1.4036995461454926, 3.6099074962102864], "rotation": [[-0.9369754718314542, 0.2094479522363698, -0.27965786327263376], [-0.10874932832437127, 0.5858254863433607, 0.8031077655829031], [0.33203998068790125, 0.7829048823800734, -0.5261267873528414]], "fy": 3173.9530257001675, "fx": 3172.5294374200544}, {"id": 11, "img_name": "DSCF4755", "width": 3114, "height": 2075, "position": [0.12103996659197759, -1.7287416880181505, 3.745548921171702], "rotation": [[-0.9240144322132594, -0.13585829975243763, 0.3574071228305101], [0.2270537996470397, 0.5571265353804842, 0.7987844487975339], [-0.30764248914519027, 0.8192390041760187, -0.4839458160881607]], "fy": 3173.9530257001675, "fx": 3172.5294374200544}, {"id": 12, "img_name": "DSCF4763", "width": 3114, "height": 2075, "position": [0.06616013944861734, -1.9164106720826781, 3.560635167211776], "rotation": [[-0.984792128105571, -0.06685976134577754, 0.16035659242477715], [0.09726889289379641, 0.5525943255130693, 0.8277549600491506], [-0.1439556421142137, 0.830764276870125, -0.537687166835831]], "fy": 3173.9530257001675, "fx": 3172.5294374200544}, {"id": 13, "img_name": "DSCF4771", "width": 3114, "height": 2075, "position": [-1.4454832194202274, -2.0780107447138727, 3.23202064700873], "rotation": [[-0.9580947464655812, -0.24602843889716286, 0.14671218098330424], [-0.07414105138719447, 0.7077040237545413, 0.7026080836859431], [-0.27669037080146863, 0.662287718454341, -0.6962883143427645]], "fy": 3173.9530257001675, "fx": 3172.5294374200544}, {"id": 14, "img_name": "DSCF4779", "width": 3114, "height": 2075, "position": [0.16870651643049892, -2.130888933756438, 3.579964022150597], "rotation": [[-0.9567490894868168, -0.05825946146554146, 0.28502107802036714], [0.1258412722087811, 0.8004537100627716, 0.5860356919639108], [-0.26228830316089696, 0.5965565297576496, -0.7585019135298788]], "fy": 3173.9530257001675, "fx": 3172.5294374200544}, {"id": 15, "img_name": "DSCF4787", "width": 3114, "height": 2075, "position": [-0.18754218653728805, -1.6762599868937216, 3.907196460540103], "rotation": [[-0.9576875055822581, -0.21136907068413632, 0.19534010752980704], [0.06856521564778716, 0.49161586782012484, 0.8681086623865918], [-0.2795236177048452, 0.8447703560528093, -0.4563218082445821]], "fy": 3173.9530257001675, "fx": 3172.5294374200544}, {"id": 16, "img_name": "DSCF4795", "width": 3114, "height": 2075, "position": [-1.1042446890090274, -2.024044122469624, 3.4459071378027875], "rotation": [[-0.9631483830607472, -0.268149272808805, -0.021003802026685718], [-0.1964758648133501, 0.6480752166415659, 0.7357959962658356], [-0.18369111778557323, 0.7128074642335729, -0.6768774572842482]], "fy": 3173.9530257001675, "fx": 3172.5294374200544}, {"id": 17, "img_name": "DSCF4803", "width": 3114, "height": 2075, "position": [0.2961088981937715, -1.9955772874598992, 3.7861637665478773], "rotation": [[-0.9282510668741403, -0.03265175053424883, 0.3705183126838257], [0.25651401483576797, 0.6651622700384402, 0.701255812603464], [-0.2693520318094063, 0.7459845961575602, -0.6090619551866508]], "fy": 3173.9530257001675, "fx": 3172.5294374200544}, {"id": 18, "img_name": "DSCF4811", "width": 3114, "height": 2075, "position": [-1.1225803299837525, 2.0906302054920967, -4.489555514524157], "rotation": [[0.9885292652282432, -0.11202267076518915, -0.10129567128926913], [0.09567637664100714, 0.9834438121711436, -0.15389704108636001], [0.116858558694508, 0.14244012614752444, 0.9828809122792648]], "fy": 3173.9530257001675, "fx": 3172.5294374200544}, {"id": 19, "img_name": "DSCF4819", "width": 3114, "height": 2075, "position": [0.12162178456890912, 1.8791514243198708, -4.801982553817199], "rotation": [[0.9598439513618386, 0.1968373162162552, 0.1998866178083813], [-0.17422661930081204, 0.9767152839576873, -0.1251892136346575], [-0.2198742235031243, 0.08533653981874327, 0.9717885576660502]], "fy": 3173.9530257001675, "fx": 3172.5294374200544}, {"id": 20, "img_name": "DSCF4827", "width": 3114, "height": 2075, "position": [-0.33949714924283075, 2.8139335817433397, -4.842211462955039], "rotation": [[0.9802212722954528, -0.005943304041566065, 0.1978154050536843], [-0.0017546949308863088, 0.9992486734828537, 0.03871704519274134], [-0.19789688826553894, -0.03829837698684839, 0.979474377375432]], "fy": 3173.9530257001675, "fx": 3172.5294374200544}, {"id": 21, "img_name": "DSCF4835", "width": 3114, "height": 2075, "position": [-1.7366594534167143, 2.232697245028046, -4.794079659485045], "rotation": [[0.9753048485269173, -0.2004840657943378, 0.09266386459919838], [0.20557660463810767, 0.9774114395287425, -0.04904220125379969], [-0.08073854138733304, 0.06688061932221226, 0.9944889495080995]], "fy": 3173.9530257001675, "fx": 3172.5294374200544}, {"id": 22, "img_name": "DSCF4843", "width": 3114, "height": 2075, "position": [0.6315084174136575, 2.1646180116437415, -5.239041817137911], "rotation": [[0.9662712389161201, 0.253292875077529, 0.04650389530422], [-0.25426939702293966, 0.9669952707742234, 0.01634686630143393], [-0.04082850206776218, -0.02762002417170467, 0.9987843449332079]], "fy": 3173.9530257001675, "fx": 3172.5294374200544}, {"id": 23, "img_name": "DSCF4851", "width": 3114, "height": 2075, "position": [-0.5826158449969029, 2.6853927786554954, -4.825738533040918], "rotation": [[0.8816340638238961, -0.09379265953346863, 0.46251952880175884], [0.14073191512293778, 0.9877123346578185, -0.0679622838832822], [-0.45046188026423767, 0.1250091235968017, 0.8840004600939794]], "fy": 3173.9530257001675, "fx": 3172.5294374200544}, {"id": 24, "img_name": "DSCF4859", "width": 3114, "height": 2075, "position": [-1.6815477521072324, 2.5258359055553092, -4.213547146115116], "rotation": [[0.8494205388825417, -0.20169999695641444, 0.4876493200572261], [0.10490174293801859, 0.9701700239019238, 0.21855376695611103], [-0.5171850466255364, -0.13448879488612658, 0.8452410257417814]], "fy": 3173.9530257001675, "fx": 3172.5294374200544}, {"id": 25, "img_name": "DSCF4867", "width": 3114, "height": 2075, "position": [-0.04951249863356654, 2.3053361458985866, -4.725117275001917], "rotation": [[0.9671630729092591, 0.14053978493147856, -0.21176439561959645], [-0.17167918679938182, 0.975637287853501, -0.13659479993677423], [0.18740823680036633, 0.16846498568331092, 0.9677281133552437]], "fy": 3173.9530257001675, "fx": 3172.5294374200544}, {"id": 26, "img_name": "DSCF4875", "width": 3114, "height": 2075, "position": [-1.5523603047230146, 0.415013413375762, -1.184880079220651], "rotation": [[0.681847904946442, -0.13242608988579926, 0.7194072318497402], [0.39330749292066863, 0.8955891994164425, -0.20791633389677128], [-0.6167597997053683, 0.42471557141947797, 0.6627397927250336]], "fy": 3173.9530257001675, "fx": 3172.5294374200544}, {"id": 27, "img_name": "DSCF4883", "width": 3114, "height": 2075, "position": [-1.3799039772799795, 0.9070885829083046, -1.2590805063551749], "rotation": [[0.8280425590024962, -0.2813472653019641, 0.4849631293074801], [0.21530500095666524, 0.9582234031714078, 0.1882861284791214], [-0.5176768075195641, -0.05149394063103006, 0.8540252320831279]], "fy": 3173.9530257001675, "fx": 3172.5294374200544}, {"id": 28, "img_name": "DSCF4891", "width": 3114, "height": 2075, "position": [-0.9969162866415898, 1.3790049957748765, -2.0437158197989556], "rotation": [[-0.18316874511156078, -0.48322980474389354, 0.8561180798356227], [0.38832814044360126, 0.764465573606356, 0.5145810355136687], [-0.9031336922924923, 0.42670990447596047, 0.04762553168465507]], "fy": 3173.9530257001675, "fx": 3172.5294374200544}, {"id": 29, "img_name": "DSCF4899", "width": 3114, "height": 2075, "position": [-1.0815168986858812, 1.254577254788078, -2.4329801928585413], "rotation": [[-0.3520125469369509, -0.34166297312097177, 0.8714089623116686], [0.3488708598495809, 0.8160172788955083, 0.4608740865917551], [-0.8685483808900775, 0.4662426550007074, -0.1680520654770904]], "fy": 3173.9530257001675, "fx": 3172.5294374200544}, {"id": 30, "img_name": "DSCF4907", "width": 3114, "height": 2075, "position": [-0.6131310357288983, 1.10221245835913, -1.5053931936422584], "rotation": [[0.9652428380968647, -0.0574309581570477, 0.2549665635879996], [0.024855621935046857, 0.9913078293883766, 0.1291935967899624], [-0.26017006276843613, -0.11836584151886387, 0.9582802648497981]], "fy": 3173.9530257001675, "fx": 3172.5294374200544}, {"id": 31, "img_name": "DSCF4915", "width": 3114, "height": 2075, "position": [0.8858312639072652, -0.6308956187199984, 2.2206770927459756], "rotation": [[-0.9956823818503584, 0.09185978344258687, -0.01335569761103629], [0.01673830817791301, 0.31919426431077746, 0.9475414770185221], [0.09130401695510229, 0.9432268029572646, -0.3193536827263459]], "fy": 3173.9530257001675, "fx": 3172.5294374200544}, {"id": 32, "img_name": "DSCF4923", "width": 3114, "height": 2075, "position": [0.5629578926129869, -1.3863911678274023, 2.027857881454118], "rotation": [[-0.9656192177089676, -0.087711028238768, 0.24471677898423505], [0.070757843157345, 0.8171405872444659, 0.5720791801048958], [-0.2501456656087438, 0.5697262818258144, -0.7828404114339593]], "fy": 3173.9530257001675, "fx": 3172.5294374200544}, {"id": 33, "img_name": "DSCF4931", "width": 3114, "height": 2075, "position": [-0.2658566404124852, -1.3340836584642475, 3.369703217747066], "rotation": [[-0.6341109194718846, -0.4446931145611705, 0.6325751936872058], [0.34517718117777196, 0.5692525287312632, 0.7461931868673354], [-0.6919220009514713, 0.6915197700680351, -0.20747132863208761]], "fy": 3173.9530257001675, "fx": 3172.5294374200544}, {"id": 34, "img_name": "DSCF4939", "width": 3114, "height": 2075, "position": [-0.22043917266241256, -2.065311552639228, 3.2391048379181666], "rotation": [[-0.40890043457073705, 0.11903019789208663, 0.9047829831499004], [0.4341296368969711, 0.8974558659641655, 0.07813083267323939], [-0.8027028671778657, 0.4247408393788857, -0.4186446301914707]], "fy": 3173.9530257001675, "fx": 3172.5294374200544}, {"id": 35, "img_name": "DSCF4947", "width": 3114, "height": 2075, "position": [-0.4323654893183506, -1.9536430368192768, 3.0996632594326057], "rotation": [[-0.7115273110819363, 0.07316816030222774, 0.6988385406533445], [0.30972177884583435, 0.9253911915227532, 0.21845723233775363], [-0.6307149160223506, 0.3718838030488645, -0.6811028789667771]], "fy": 3173.9530257001675, "fx": 3172.5294374200544}, {"id": 36, "img_name": "DSCF4955", "width": 3114, "height": 2075, "position": [-0.1721246860117936, -1.1053806433576072, 3.4405256973738383], "rotation": [[-0.6466381868633034, -0.5896853830334056, 0.4838700283411707], [0.3160160380403721, 0.3702428432670479, 0.8735296793531393], [-0.694257098625146, 0.7177683373110563, -0.053063122432781974]], "fy": 3173.9530257001675, "fx": 3172.5294374200544}, {"id": 37, "img_name": "DSCF4963", "width": 3114, "height": 2075, "position": [1.2067939113009405, 1.7316807756394879, -4.048689049047846], "rotation": [[0.8030712468708201, 0.21554911906227192, -0.5555314120019004], [-0.42735744615239024, 0.8580317848226066, -0.28486324693129383], [0.41526158703575433, 0.4661759683913478, 0.7811771763351357]], "fy": 3173.9530257001675, "fx": 3172.5294374200544}, {"id": 38, "img_name": "DSCF4971", "width": 3114, "height": 2075, "position": [0.7688803807943798, 2.306144242298781, -4.2708843918467965], "rotation": [[0.5445610705039701, 0.4377761292129736, -0.7154056899290611], [-0.42731462171765955, 0.8787799108113726, 0.21248078129715525], [0.7217031623582258, 0.1899945500419992, 0.6656174700204874]], "fy": 3173.9530257001675, "fx": 3172.5294374200544}, {"id": 39, "img_name": "DSCF4668", "width": 3114, "height": 2075, "position": [-2.406043996020195, 1.811927317722209, -3.227899769475622], "rotation": [[0.8492758386060354, -0.17060170842307482, 0.4996254667680016], [0.20957355949036577, 0.9775351247317526, -0.02245001287782628], [-0.48457143242514156, 0.12377454099613779, 0.8659505701127761]], "fy": 3173.9530257001675, "fx": 3172.5294374200544}, {"id": 40, "img_name": "DSCF4669", "width": 3114, "height": 2075, "position": [-2.2926501982101697, 1.8833384946258682, -3.32829857605362], "rotation": [[0.8546741614884632, -0.17475636100462333, 0.48886837898601504], [0.19898592972892568, 0.9799993085495979, 0.0024402893731384446], [-0.47951712946870556, 0.09519227663382872, 0.8723541442644501]], "fy": 3173.9530257001675, "fx": 3172.5294374200544}, {"id": 41, "img_name": "DSCF4670", "width": 3114, "height": 2075, "position": [-2.1199562180860365, 1.9703582403581046, -3.527503333058234], "rotation": [[0.8983847060967688, -0.15964143525720806, 0.4091693194759853], [0.1787429595784596, 0.9838582926315347, -0.008591531952734738], [-0.40119306356485707, 0.08085463604012044, 0.9124180256758765]], "fy": 3173.9530257001675, "fx": 3172.5294374200544}, {"id": 42, "img_name": "DSCF4671", "width": 3114, "height": 2075, "position": [-1.8881294356109242, 2.080750057753615, -3.731026031867613], "rotation": [[0.9224234062623801, -0.1383685926587155, 0.36054013943658836], [0.1551771094377903, 0.9877237087068318, -0.017942685555772855], [-0.3536313395131154, 0.07249832980191848, 0.9325711060772214]], "fy": 3173.9530257001675, "fx": 3172.5294374200544}, {"id": 43, "img_name": "DSCF4672", "width": 3114, "height": 2075, "position": [-1.652543711486084, 2.1399313062129424, -3.8482577615520497], "rotation": [[0.9412372462378258, -0.1326093476038488, 0.3106238999541345], [0.13634759032006247, 0.9906130618522896, 0.009751733258489326], [-0.30900126360347935, 0.033174125696300086, 0.9504828754247703]], "fy": 3173.9530257001675, "fx": 3172.5294374200544}, {"id": 44, "img_name": "DSCF4673", "width": 3114, "height": 2075, "position": [-1.3899923673833474, 2.141177951286892, -3.8676247128062053], "rotation": [[0.954970153096189, -0.13418621474162637, 0.2646243875170146], [0.13693742106084753, 0.9905464876803229, 0.008111624829826563], [-0.26321122584085416, 0.028490621570788004, 0.9643174451776059]], "fy": 3173.9530257001675, "fx": 3172.5294374200544}, {"id": 45, "img_name": "DSCF4674", "width": 3114, "height": 2075, "position": [-1.1427953724305941, 2.1132567596213576, -3.8754544647218836], "rotation": [[0.9714513401111715, -0.10360540670912666, 0.21342027433410707], [0.10471223937020192, 0.9944835901139903, 0.006142956948108721], [-0.21287940417590095, 0.01638013109304174, 0.9769411704821782]], "fy": 3173.9530257001675, "fx": 3172.5294374200544}, {"id": 46, "img_name": "DSCF4676", "width": 3114, "height": 2075, "position": [-0.6629392719799627, 2.1462067322502216, -3.9958252894212385], "rotation": [[0.9923646651857982, -0.0396274819830766, 0.11679911798622264], [0.039515394757834436, 0.999213591391813, 0.0032760273209122277], [-0.11683708686804516, 0.0013643494991358793, 0.9931501566644558]], "fy": 3173.9530257001675, "fx": 3172.5294374200544}, {"id": 47, "img_name": "DSCF4677", "width": 3114, "height": 2075, "position": [-0.35204735743359256, 2.1921271170872734, -4.123114850220809], "rotation": [[0.9987146242486461, 0.002033295664864494, 0.050645483714002036], [-0.002186158725112177, 0.9999932203993802, 0.0029630837492598144], [-0.05063911553250726, -0.0030699941393681767, 0.9987122984694189]], "fy": 3173.9530257001675, "fx": 3172.5294374200544}, {"id": 48, "img_name": "DSCF4678", "width": 3114, "height": 2075, "position": [-0.05610766810513664, 2.215144312951777, -4.168249662759289], "rotation": [[0.9998224252707558, 0.018787666006592464, -0.001463397324130293], [-0.018782020240146063, 0.99981645437768, 0.003780644302713257], [0.0015341582064068375, -0.0037524873976636443, 0.999991782564701]], "fy": 3173.9530257001675, "fx": 3172.5294374200544}, {"id": 49, "img_name": "DSCF4679", "width": 3114, "height": 2075, "position": [0.22753799056171112, 2.2153310131629693, -4.132903381044602], "rotation": [[0.9978605141388049, 0.04874619626431106, -0.04356836779592411], [-0.047935924179321424, 0.9986609578008063, 0.019453496792363443], [0.044458311885563054, -0.01732338633574317, 0.9988610307696204]], "fy": 3173.9530257001675, "fx": 3172.5294374200544}, {"id": 50, "img_name": "DSCF4680", "width": 3114, "height": 2075, "position": [0.4854185258708231, 2.1778539746800107, -4.134755655527471], "rotation": [[0.9949587863014713, 0.07389874469576292, -0.06779372459080149], [-0.07174964235648207, 0.9968562653380791, 0.0336091516991163], [0.07006427322979883, -0.02857554528977093, 0.9971331083803067]], "fy": 3173.9530257001675, "fx": 3172.5294374200544}, {"id": 51, "img_name": "DSCF4681", "width": 3114, "height": 2075, "position": [0.698719914489132, 2.165995719585329, -4.1722108097815855], "rotation": [[0.9873211635564337, 0.09292763084345394, -0.1286910075311883], [-0.09193736588412016, 0.995671543117914, 0.013627141280602223], [0.12940031200835272, -0.0016228527397211723, 0.991591108068808]], "fy": 3173.9530257001675, "fx": 3172.5294374200544}, {"id": 52, "img_name": "DSCF4682", "width": 3114, "height": 2075, "position": [0.9802147608924793, 2.181745738828907, -4.22144521082492], "rotation": [[0.966778676131264, 0.15449248638960633, -0.20364445248284574], [-0.15553525699748136, 0.9877693844553016, 0.010973921975398815], [0.2028491439681423, 0.02106453849368695, 0.9789834064014772]], "fy": 3173.9530257001675, "fx": 3172.5294374200544}, {"id": 53, "img_name": "DSCF4684", "width": 3114, "height": 2075, "position": [1.4528969078932616, 2.1731239318947866, -4.358982251653322], "rotation": [[0.9437125004899245, 0.16197875616368157, -0.28839139891945603], [-0.17311653309405903, 0.9848106881047393, -0.013363179418234138], [0.28184638083280006, 0.0625363186183592, 0.957419357682471]], "fy": 3173.9530257001675, "fx": 3172.5294374200544}, {"id": 54, "img_name": "DSCF4685", "width": 3114, "height": 2075, "position": [1.6439881519849202, 2.1335867181012165, -4.314460828904254], "rotation": [[0.9338119572109935, 0.17110714109753034, -0.3141935308614795], [-0.1810669422675735, 0.9834674430103179, -0.0025594836624866966], [0.3085611624745487, 0.05928013836165687, 0.9493555046494321]], "fy": 3173.9530257001675, "fx": 3172.5294374200544}, {"id": 55, "img_name": "DSCF4686", "width": 3114, "height": 2075, "position": [1.7394904934401114, 2.06982813715312, -4.22832778778944], "rotation": [[0.9191479322756243, 0.214412725544631, -0.3304455503074103], [-0.21799252081862938, 0.9755861513179269, 0.026663124794638022], [0.32809501590329576, 0.047527302481813145, 0.9434483642776739]], "fy": 3173.9530257001675, "fx": 3172.5294374200544}, {"id": 56, "img_name": "DSCF4687", "width": 3114, "height": 2075, "position": [2.7138227847127743, -1.2695152917584935, 2.697139325950885], "rotation": [[-0.9162424882850275, 0.24333724570897963, -0.3182556951761098], [-0.14719699196696742, 0.5343591198813347, 0.8323421030775279], [0.3726026680220335, 0.8094734806344265, -0.4537840190359826]], "fy": 3173.9530257001675, "fx": 3172.5294374200544}, {"id": 57, "img_name": "DSCF4688", "width": 3114, "height": 2075, "position": [2.6955345999080835, -1.2962714595452611, 2.77222409050086], "rotation": [[-0.9251999625866383, 0.20752682405309775, -0.3177068562812553], [-0.14639614962220754, 0.577215936320315, 0.8033616434916807], [0.35010455096367393, 0.789781222970195, -0.5036590347032683]], "fy": 3173.9530257001675, "fx": 3172.5294374200544}, {"id": 58, "img_name": "DSCF4689", "width": 3114, "height": 2075, "position": [2.5743752376069717, -1.3376233811240281, 2.854542101877961], "rotation": [[-0.932265971084526, 0.2014065162815702, -0.3005254970167192], [-0.1288392213096025, 0.5913995683352609, 0.7960194756569731], [0.3380541586937806, 0.780821340494859, -0.525392634148644]], "fy": 3173.9530257001675, "fx": 3172.5294374200544}, {"id": 59, "img_name": "DSCF4690", "width": 3114, "height": 2075, "position": [2.3844082484436004, -1.380133534007126, 2.950553017449696], "rotation": [[-0.9416447513246047, 0.19565529750705074, -0.2739053976471641], [-0.11461527348235415, 0.5787289029941962, 0.8074256596886796], [0.3164940779657477, 0.7917018765902741, -0.5225319485122892]], "fy": 3173.9530257001675, "fx": 3172.5294374200544}, {"id": 60, "img_name": "DSCF4692", "width": 3114, "height": 2075, "position": [1.882542876985341, -1.4484071611457245, 3.130263637976066], "rotation": [[-0.9594959437502772, 0.17128546742598516, -0.223671237702629], [-0.09570953847663448, 0.5485332284245955, 0.8306328801333837], [0.2649664472557871, 0.8183963501646083, -0.509921754650548]], "fy": 3173.9530257001675, "fx": 3172.5294374200544}, {"id": 61, "img_name": "DSCF4693", "width": 3114, "height": 2075, "position": [1.605619662228724, -1.485904680254283, 3.1940157579759214], "rotation": [[-0.9713248041870377, 0.1378776502865502, -0.19369532343986018], [-0.0913324326842997, 0.535791399198972, 0.8393961897008917], [0.21951426265958246, 0.8330170046858992, -0.5078347746985744]], "fy": 3173.9530257001675, "fx": 3172.5294374200544}, {"id": 62, "img_name": "DSCF4694", "width": 3114, "height": 2075, "position": [1.327298578411358, -1.5290695463543307, 3.2519554369161754], "rotation": [[-0.9757913039344854, 0.08814776600325233, -0.2001531976124087], [-0.12444976538535216, 0.5287705067698892, 0.839591571578613], [0.17984322912294157, 0.8441751728870913, -0.504999693484741]], "fy": 3173.9530257001675, "fx": 3172.5294374200544}, {"id": 63, "img_name": "DSCF4695", "width": 3114, "height": 2075, "position": [1.0888552569297056, -1.5647527907428942, 3.296648407968794], "rotation": [[-0.9723805751317292, 0.12341219462052948, -0.1981046373143032], [-0.10230910078612085, 0.5375118130863288, 0.8370268207703877], [0.20978289969113886, 0.8341765286865795, -0.5100398552913148]], "fy": 3173.9530257001675, "fx": 3172.5294374200544}, {"id": 64, "img_name": "DSCF4696", "width": 3114, "height": 2075, "position": [0.9860887469555885, -1.5920359027753375, 3.307802822507038], "rotation": [[-0.9625125672395847, 0.12891282844128107, -0.23864417145434919], [-0.1298064641280432, 0.5536108884368175, 0.8225966606270491], [0.23815927396689598, 0.8227371797041059, -0.5161237190404009]], "fy": 3173.9530257001675, "fx": 3172.5294374200544}, {"id": 65, "img_name": "DSCF4697", "width": 3114, "height": 2075, "position": [1.099780997363049, -1.6639885108301957, 3.266550561891986], "rotation": [[-0.9534621268386702, 0.05288305052639238, -0.29683893890677765], [-0.19550481283347085, 0.6410536604984539, 0.742177925109931], [0.22953832107782826, 0.7656719841606822, -0.6008814956613453]], "fy": 3173.9530257001675, "fx": 3172.5294374200544}, {"id": 66, "img_name": "DSCF4698", "width": 3114, "height": 2075, "position": [1.293767421402735, -1.7349473691599444, 3.192901869375044], "rotation": [[-0.9467531565161995, 0.008602146563181761, -0.3218454034177254], [-0.21854238258157133, 0.7169032159831238, 0.6620339915205448], [0.23642691818442113, 0.6971196324789314, -0.6768504490434036]], "fy": 3173.9530257001675, "fx": 3172.5294374200544}, {"id": 67, "img_name": "DSCF4700", "width": 3114, "height": 2075, "position": [1.787100426252824, -1.773562538269621, 3.0517432071368353], "rotation": [[-0.952417511437568, 0.024342612904091225, -0.3038228449344629], [-0.17349060605804054, 0.7762754013035941, 0.6060507494761124], [0.25060305967143115, 0.6299237561228703, -0.7351150712340013]], "fy": 3173.9530257001675, "fx": 3172.5294374200544}, {"id": 68, "img_name": "DSCF4701", "width": 3114, "height": 2075, "position": [2.024557427004488, -1.7573416064096141, 2.9817658893610015], "rotation": [[-0.9441080841875898, 0.06966094897435243, -0.322191367916073], [-0.15320313985620004, 0.7727095141846853, 0.6159941595718821], [0.2918710730953639, 0.6309257950634609, -0.7188490229621928]], "fy": 3173.9530257001675, "fx": 3172.5294374200544}, {"id": 69, "img_name": "DSCF4702", "width": 3114, "height": 2075, "position": [2.2550468939261443, -1.713182794499964, 2.926727551158466], "rotation": [[-0.9348070231868146, 0.1222671228456995, -0.33344651755812327], [-0.13164402712448978, 0.7527066708873885, 0.6450600884600374], [0.32985705922876923, 0.6469029434719394, -0.6875397459087642]], "fy": 3173.9530257001675, "fx": 3172.5294374200544}, {"id": 70, "img_name": "DSCF4703", "width": 3114, "height": 2075, "position": [2.448046537067683, -1.7029121675634102, 2.8784730436892416], "rotation": [[-0.9235167796358219, 0.15825847502572005, -0.349386623690166], [-0.11435840839541252, 0.7558696542146067, 0.6446574441257611], [0.366113250457216, 0.6353072649671373, -0.6799601215656892]], "fy": 3173.9530257001675, "fx": 3172.5294374200544}, {"id": 71, "img_name": "DSCF4704", "width": 3114, "height": 2075, "position": [2.626316947965233, -1.6935366348019945, 2.8300753364855735], "rotation": [[-0.9127349135774804, 0.16923130852212184, -0.3718544631338997], [-0.12633850859195841, 0.7486505546313765, 0.6508155870113224], [0.38852742346386565, 0.6410016468512565, -0.6619390681554519]], "fy": 3173.9530257001675, "fx": 3172.5294374200544}, {"id": 72, "img_name": "DSCF4705", "width": 3114, "height": 2075, "position": [2.7974994845902175, -1.6325956543730278, 2.768055970498252], "rotation": [[-0.9048765299332695, 0.21329806593168954, -0.3683780675416564], [-0.10001355464812704, 0.7346416898065296, 0.671043125652035], [0.41375808688480115, 0.6440539749648375, -0.6434273252430471]], "fy": 3173.9530257001675, "fx": 3172.5294374200544}, {"id": 73, "img_name": "DSCF4706", "width": 3114, "height": 2075, "position": [2.9080031853669897, -1.5461639530707039, 2.770984803022743], "rotation": [[-0.9031242144420406, 0.2277573364740971, -0.3639962210939448], [-0.08779177031343292, 0.7318706836433553, 0.6757646835168593], [0.42030852757668447, 0.6422553215860752, -0.6409749164676312]], "fy": 3173.9530257001675, "fx": 3172.5294374200544}, {"id": 74, "img_name": "DSCF4708", "width": 3114, "height": 2075, "position": [2.8648558891136764, -1.3919765213915534, 2.964328625144328], "rotation": [[-0.916240719260049, 0.1963786888685286, -0.34919672811769953], [-0.1264342605478471, 0.6853414215454142, 0.7171621250971291], [0.3801543398799336, 0.7012435714303474, -0.6031087227010267]], "fy": 3173.9530257001675, "fx": 3172.5294374200544}, {"id": 75, "img_name": "DSCF4709", "width": 3114, "height": 2075, "position": [2.779637632800428, -1.3781195035289904, 3.0733395946861344], "rotation": [[-0.920806127860306, 0.1925950493152539, -0.33915073621350944], [-0.14059392873781804, 0.6471982417534431, 0.7492448085060832], [0.3637986010101962, 0.7375917453785034, -0.568866412308301]], "fy": 3173.9530257001675, "fx": 3172.5294374200544}, {"id": 76, "img_name": "DSCF4710", "width": 3114, "height": 2075, "position": [2.6698888616269856, -1.3771153169574433, 3.1912999279435708], "rotation": [[-0.9348329670033112, 0.15994218711913, -0.3170265297783999], [-0.15999780806941127, 0.6073106418511109, 0.7781866650793852], [0.3169984624832892, 0.7781980988629699, -0.5421436098574709]], "fy": 3173.9530257001675, "fx": 3172.5294374200544}, {"id": 77, "img_name": "DSCF4711", "width": 3114, "height": 2075, "position": [2.489389393078357, -1.3942847696650886, 3.301969422340132], "rotation": [[-0.9527138769674544, 0.12735192197322942, -0.27589446642396775], [-0.1561616033877265, 0.5736732484615112, 0.8040600460332495], [0.2606718670302106, 0.8091232860135354, -0.5266589843244317]], "fy": 3173.9530257001675, "fx": 3172.5294374200544}, {"id": 78, "img_name": "DSCF4712", "width": 3114, "height": 2075, "position": [2.2803670821116264, -1.4214867870158623, 3.3912824926138216], "rotation": [[-0.950298941250633, 0.1303296173698398, -0.2827474369364964], [-0.17231608046989272, 0.536212623353329, 0.8263069592881537], [0.2593050147402095, 0.8339605586553673, -0.48710439942358147]], "fy": 3173.9530257001675, "fx": 3172.5294374200544}, {"id": 79, "img_name": "DSCF4713", "width": 3114, "height": 2075, "position": [2.0866844177686015, -1.4541321633301107, 3.448386611257577], "rotation": [[-0.9513480365653144, 0.1354488826439589, -0.2767499114974082], [-0.16806062540610203, 0.5247090277590372, 0.8345274485457478], [0.2582489874354401, 0.8404368128411966, -0.4764172793989534]], "fy": 3173.9530257001675, "fx": 3172.5294374200544}, {"id": 80, "img_name": "DSCF4714", "width": 3114, "height": 2075, "position": [1.9003121604540039, -1.5026134825306137, 3.477504834926553], "rotation": [[-0.9390135128603647, 0.149320375127731, -0.30976934683301127], [-0.18325634529841245, 0.5449502250347639, 0.8181970203700505], [0.29098236127556903, 0.825065256695659, -0.4843517189194438]], "fy": 3173.9530257001675, "fx": 3172.5294374200544}, {"id": 81, "img_name": "DSCF4716", "width": 3114, "height": 2075, "position": [1.549283790194076, -1.6524308785139201, 3.5074964937049056], "rotation": [[-0.8909034361391378, 0.12400338409884888, -0.43693732755111364], [-0.26295063680022085, 0.6435747072306768, 0.7187966046242196], [0.3703350241090278, 0.7552713134662152, -0.5407561492698748]], "fy": 3173.9530257001675, "fx": 3172.5294374200544}, {"id": 82, "img_name": "DSCF4717", "width": 3114, "height": 2075, "position": [1.4197753661476538, -1.7485430795889991, 3.515957197811002], "rotation": [[-0.8741592278387224, 0.09261631357764157, -0.47672619273928724], [-0.2830533947350446, 0.7005013020793274, 0.6551173188934436], [0.3946218697859701, 0.7076158168416354, -0.5861343153596873]], "fy": 3173.9530257001675, "fx": 3172.5294374200544}, {"id": 83, "img_name": "DSCF4718", "width": 3114, "height": 2075, "position": [1.2888986238325453, -1.84103272209486, 3.4995641446497716], "rotation": [[-0.8758886465063997, 0.07179989472959314, -0.4771413354950566], [-0.2781604595077676, 0.7328761437507076, 0.6209020185886978], [0.39426620155374015, 0.6765628818062009, -0.621946001896044]], "fy": 3173.9530257001675, "fx": 3172.5294374200544}, {"id": 84, "img_name": "DSCF4719", "width": 3114, "height": 2075, "position": [1.2377807674012309, -1.902610587190841, 3.448733166430532], "rotation": [[-0.882327982659378, 0.041478736115183414, -0.4688036320961244], [-0.263434037848468, 0.7819155179073142, 0.5649872835370621], [0.3899997932295392, 0.622002923872568, -0.6789790305855494]], "fy": 3173.9530257001675, "fx": 3172.5294374200544}, {"id": 85, "img_name": "DSCF4720", "width": 3114, "height": 2075, "position": [1.3183586484859757, -1.922636313306017, 3.372437466974879], "rotation": [[-0.9303532696951281, 0.05339661259877624, -0.36275555864874026], [-0.18307777679573273, 0.7895403193317738, 0.5857547368933627], [0.31768745837869544, 0.611371315905855, -0.7247756845234442]], "fy": 3173.9530257001675, "fx": 3172.5294374200544}, {"id": 86, "img_name": "DSCF4721", "width": 3114, "height": 2075, "position": [1.4505181324483705, -1.9321773985532427, 3.3015900527754654], "rotation": [[-0.9519957230519953, 0.05642665509681902, -0.30086571071707785], [-0.13848050410767251, 0.7971527117676509, 0.5876824857893631], [0.2729968741080979, 0.6011352482728531, -0.7510719805791863]], "fy": 3173.9530257001675, "fx": 3172.5294374200544}, {"id": 87, "img_name": "DSCF4722", "width": 3114, "height": 2075, "position": [1.6227086796144017, -1.9305116088405385, 3.2305843760186854], "rotation": [[-0.9501148659179524, 0.06543075104136824, -0.30495992913803244], [-0.13101069757074593, 0.803591124460346, 0.580583759513288], [0.28305112379875447, 0.5915742738716072, -0.754931745132991]], "fy": 3173.9530257001675, "fx": 3172.5294374200544}, {"id": 88, "img_name": "DSCF4724", "width": 3114, "height": 2075, "position": [2.136127890259729, -1.9054468946545458, 3.0638220339812077], "rotation": [[-0.9481795395872463, 0.1282429148767392, -0.2907048597668], [-0.08838236230913543, 0.77236631696564, 0.6289982753947656], [0.3051952141511628, 0.6220964774059166, -0.7210075270469618]], "fy": 3173.9530257001675, "fx": 3172.5294374200544}, {"id": 89, "img_name": "DSCF4725", "width": 3114, "height": 2075, "position": [2.373969146178636, -1.899389231587848, 2.9809313917984746], "rotation": [[-0.949534029017563, 0.16254672673205658, -0.2682604878963114], [-0.0687061687607365, 0.7266939755615851, 0.6835168822031533], [0.3060467123036843, 0.667453689413125, -0.6788526956394244]], "fy": 3173.9530257001675, "fx": 3172.5294374200544}, {"id": 90, "img_name": "DSCF4726", "width": 3114, "height": 2075, "position": [2.57023405700836, -1.9485829306016194, 2.9043534715972346], "rotation": [[-0.9560645217716074, 0.17253743816848124, -0.2370051953858503], [-0.05480531693293015, 0.689011732819028, 0.7226750371180682], [0.2879878598925807, 0.7039131086064373, -0.6492837038510311]], "fy": 3173.9530257001675, "fx": 3172.5294374200544}, {"id": 91, "img_name": "DSCF4727", "width": 3114, "height": 2075, "position": [2.7078363677497457, -2.0389711359456446, 2.856823880025682], "rotation": [[-0.9609273076502417, 0.15767973812006414, -0.22749903208243416], [-0.05899714356043055, 0.6863306703239672, 0.7248927838131399], [0.27044046750397094, 0.7099910641402761, -0.6502112290457549]], "fy": 3173.9530257001675, "fx": 3172.5294374200544}, {"id": 92, "img_name": "DSCF4728", "width": 3114, "height": 2075, "position": [2.758058888170517, -2.1496291226969464, 2.8010032626745827], "rotation": [[-0.9692055422444672, 0.14630000179242478, -0.1980831299180866], [-0.05339553245576875, 0.6603972258180566, 0.7490156348472173], [0.24039453819996415, 0.7365268587141622, -0.6322488848517449]], "fy": 3173.9530257001675, "fx": 3172.5294374200544}, {"id": 93, "img_name": "DSCF4729", "width": 3114, "height": 2075, "position": [2.6052891661589035, -2.25108332518864, 2.7563294637199807], "rotation": [[-0.9737092079986807, 0.13889174752283343, -0.1805532074725762], [-0.04869667597713572, 0.6473747267782504, 0.76061461784373], [0.22252867682022354, 0.7494097981737622, -0.6235911660645947]], "fy": 3173.9530257001675, "fx": 3172.5294374200544}, {"id": 94, "img_name": "DSCF4730", "width": 3114, "height": 2075, "position": [2.3568407459169753, -2.312237822118996, 2.78556413515023], "rotation": [[-0.9783066142382689, 0.13017086843221454, -0.1611574185362194], [-0.04122658428900344, 0.6400353500643674, 0.767238632640357], [0.20301856389383904, 0.7572385989102682, -0.6207843160348829]], "fy": 3173.9530257001675, "fx": 3172.5294374200544}, {"id": 95, "img_name": "DSCF4732", "width": 3114, "height": 2075, "position": [1.806584765490734, -2.3522557585819355, 2.936963671681128], "rotation": [[-0.9719319511684502, 0.13946378161815456, -0.18946803401801768], [-0.05075624740603086, 0.6620793649233618, 0.7477129916565151], [0.22972175701736824, 0.7363428333048687, -0.6364174307743398]], "fy": 3173.9530257001675, "fx": 3172.5294374200544}, {"id": 96, "img_name": "DSCF4733", "width": 3114, "height": 2075, "position": [1.60344153971848, -2.3582618472856853, 3.0036019265799103], "rotation": [[-0.9713107568917758, 0.07884334425917065, -0.22436385763387806], [-0.11536865013995339, 0.6687707402713645, 0.7344629136462754], [0.20795549550615447, 0.7392762839581158, -0.6404881637203519]], "fy": 3173.9530257001675, "fx": 3172.5294374200544}, {"id": 97, "img_name": "DSCF4734", "width": 3114, "height": 2075, "position": [1.423986225621548, -2.3617053116237714, 3.0649766551368374], "rotation": [[-0.9751954405307803, 0.0032119480405413663, -0.22132224505856374], [-0.1603293608568145, 0.6791205197498853, 0.716302879864301], [0.15260520572779757, 0.7340197565763681, -0.6617602648545368]], "fy": 3173.9530257001675, "fx": 3172.5294374200544}, {"id": 98, "img_name": "DSCF4735", "width": 3114, "height": 2075, "position": [1.228175291010526, -2.356530257836123, 3.136846960480119], "rotation": [[-0.9774935102856994, -0.044741178698377106, -0.20616659350636865], [-0.18105951924666877, 0.6794876769626073, 0.7109950403104964], [0.10827690353674482, 0.7323214620538162, -0.6722956108557118]], "fy": 3173.9530257001675, "fx": 3172.5294374200544}, {"id": 99, "img_name": "DSCF4736", "width": 3114, "height": 2075, "position": [1.0384089004353274, -2.3229882355088654, 3.2193053026667258], "rotation": [[-0.9754947914294484, -0.09674890859978108, -0.197609616615103], [-0.21078467774927068, 0.6684513975662719, 0.7132619075191344], [0.06308511330062656, 0.7374363550683198, -0.6724640441714321]], "fy": 3173.9530257001675, "fx": 3172.5294374200544}, {"id": 100, "img_name": "DSCF473