[{"id": 0, "img_name": "0000", "width": 1554, "height": 1162, "position": [0.7471479309110205, 0.11052209601568666, -1.9586275554276544], "rotation": [[0.9702626835235014, -0.01474287017612276, -0.24160499320325332], [0.007479910910893762, 0.9994929147357683, -0.030950998784584627], [0.24193878542833763, 0.028223415313676274, 0.9698809529697409]], "fy": 2883.175048828125, "fx": 2892.3303222656255}, {"id": 1, "img_name": "0008", "width": 1554, "height": 1162, "position": [1.5094687775247653, -0.1913058913139982, -1.5464613079325056], "rotation": [[0.3993877514713547, 0.6475389136702538, -0.648985962296106], [-0.7781769498200973, 0.6137046025010786, 0.13344397939840788], [0.48469584147519246, 0.4517300257363246, 0.749005957990265]], "fy": 2883.175048828125, "fx": 2892.3303222656255}, {"id": 2, "img_name": "0016", "width": 1554, "height": 1162, "position": [1.7955265641248972, -0.42184642926604854, -1.155829122999424], "rotation": [[0.035486264797020536, 0.5967745135968865, -0.8016239173901656], [-0.8824023353062809, 0.39527088832848967, 0.25520000682999255], [0.46915545787806545, 0.698298721723881, 0.5406219118589409]], "fy": 2883.175048828125, "fx": 2892.3303222656255}, {"id": 3, "img_name": "0024", "width": 1554, "height": 1162, "position": [1.8141514365706377, 0.41654011153082876, -1.1783374887689324], "rotation": [[0.48151311494630394, 0.3311347635954709, -0.8114769796323732], [-0.7536690254863124, 0.6290335688719575, -0.1905249832822992], [0.4473568152573733, 0.7033253426194591, 0.5524539277369657]], "fy": 2883.175048828125, "fx": 2892.3303222656255}, {"id": 4, "img_name": "0032", "width": 1554, "height": 1162, "position": [1.8708329635411698, 0.7027460002133494, -0.9244112145098178], "rotation": [[0.5154687667187198, 0.16499876885228243, -0.8408729730552129], [-0.7449108668207857, 0.5713160855237978, -0.34453698047389614], [0.4235560777863865, 0.8039734676586009, 0.41740497394163495]], "fy": 2883.175048828125, "fx": 2892.3303222656255}, {"id": 5, "img_name": "0040", "width": 1554, "height": 1162, "position": [2.089550952470099, -0.4700675861601661, -0.031136976950531164], "rotation": [[-0.2838756076143781, 0.04851553533118904, -0.957632957992307], [-0.8878290359537885, 0.3639357354090015, 0.2816209924875554], [0.36217984802986214, 0.930159676251254, -0.06023897705994422]], "fy": 2883.175048828125, "fx": 2892.3303222656255}, {"id": 6, "img_name": "0048", "width": 1554, "height": 1162, "position": [0.7599700195004617, 1.6328393090977855, -1.0440269577983319], "rotation": [[0.9629555797207875, -0.09971568376595787, -0.25054607140342433], [-0.1651491646807106, 0.5164091603737032, -0.8402662271491046], [0.2131720077539869, 0.8505165262904739, 0.4808111205212707]], "fy": 2883.175048828125, "fx": 2892.3303222656255}, {"id": 7, "img_name": "0001", "width": 1554, "height": 1162, "position": [1.0724140173518277, -0.08399688391184425, -1.84017724794793], "rotation": [[0.8022554449471302, 0.4279930296822629, -0.41618285355848067], [-0.4393476230148575, 0.8952822620696886, 0.07377897650805679], [0.4041780142509942, 0.12365936182424407, 0.9062827897678207]], "fy": 2883.175048828125, "fx": 2892.3303222656255}, {"id": 8, "img_name": "0002", "width": 1554, "height": 1162, "position": [1.2467061667685293, -0.4107302666450131, -1.6861800456552931], "rotation": [[0.4234943471155684, 0.7491760065041193, -0.5093013344177476], [-0.7608595334838931, 0.5992920349736326, 0.2488811505997082], [0.49167601961843815, 0.282107015325217, 0.8238144958887692]], "fy": 2883.175048828125, "fx": 2892.3303222656255}, {"id": 9, "img_name": "0003", "width": 1554, "height": 1162, "position": [1.219781415184503, -0.7853573644063675, -1.5360029678073832], "rotation": [[-0.06928992283658436, 0.8659440919576391, -0.4953178133248994], [-0.8737050249494945, 0.1869678662144926, 0.4490907997066992], [0.4814960394139325, 0.46387912930725755, 0.7436247154457938]], "fy": 2883.175048828125, "fx": 2892.3303222656255}, {"id": 10, "img_name": "0004", "width": 1554, "height": 1162, "position": [0.9975652463261486, -1.1019891309931151, -1.4335537863322385], "rotation": [[-0.5462872951964373, 0.7481358540221014, -0.3766469633935485], [-0.7487468801147746, -0.23462486203243332, 0.6199429680500074], [0.37543082002594236, 0.6206802059377132, 0.6883369678665864]], "fy": 2883.175048828125, "fx": 2892.3303222656255}, {"id": 11, "img_name": "0005", "width": 1554, "height": 1162, "position": [1.2248290146761338, -1.202344355648618, -1.1700594734263854], "rotation": [[-0.5951046260397391, 0.6311270317776441, -0.49752301838773544], [-0.7244323517847766, -0.15326912799581846, 0.6720910221770404], [0.34791989272486235, 0.7603862466950216, 0.5484200070050125]], "fy": 2883.175048828125, "fx": 2892.3303222656255}, {"id": 12, "img_name": "0006", "width": 1554, "height": 1162, "position": [1.4467667694749635, -0.9015681489219064, -1.2652382421262316], "rotation": [[-0.2852359799182985, 0.7346833187584182, -0.6155329860358131], [-0.8534112908196628, 0.09764208436165882, 0.512010929632393], [0.43626781277280186, 0.6713467393974794, 0.5991360037911326]], "fy": 2883.175048828125, "fx": 2892.3303222656255}, {"id": 13, "img_name": "0007", "width": 1554, "height": 1162, "position": [1.5472543715511027, -0.550721281671001, -1.3951918275247597], "rotation": [[0.06040338982946816, 0.7407434325213672, -0.6690669605305374], [-0.8726902765364837, 0.36455597780881227, 0.3248239835396029], [0.4845235925481696, 0.5642677611031159, 0.6684600078119051]], "fy": 2883.175048828125, "fx": 2892.3303222656255}, {"id": 14, "img_name": "0009", "width": 1554, "height": 1162, "position": [1.3392294225205508, 0.12313146366763014, -1.6957567974396544], "rotation": [[0.685912091627962, 0.46662358509140744, -0.5583789326210262], [-0.5816594919160237, 0.8126622457205146, -0.03538799011646762], [0.4372606065295015, 0.3490594565642538, 0.8288308981695364]], "fy": 2883.175048828125, "fx": 2892.3303222656255}, {"id": 15, "img_name": "0010", "width": 1554, "height": 1162, "position": [1.0610690100605797, 0.3564049379903361, -1.8248796164433712], "rotation": [[0.8850516073180278, 0.22057494372145392, -0.40991504801123485], [-0.3079621770369488, 0.9377976776523631, -0.16029601774372898], [0.34906009496709667, 0.2681085787365117, 0.8979280818135988]], "fy": 2883.175048828125, "fx": 2892.3303222656255}, {"id": 16, "img_name": "0011", "width": 1554, "height": 1162, "position": [0.7270965433343487, 0.8282104087261191, -1.7937572748851693], "rotation": [[0.9710187961928156, -0.058607780297678755, -0.23170590309449224], [-0.04348952392707353, 0.9099561332048421, -0.41241786691593263], [0.23501310335564632, 0.4105422800777899, 0.8810356845892668]], "fy": 2883.175048828125, "fx": 2892.3303222656255}, {"id": 17, "img_name": "0012", "width": 1554, "height": 1162, "position": [1.0820063734632286, 0.71900017759748, -1.7078504687869172], "rotation": [[0.8979907559397515, 0.12880768058603742, -0.4207388544795917], [-0.2933246196485608, 0.8879781758831264, -0.3541968755696508], [0.32798364251099593, 0.4414785845058862, 0.835178657335003]], "fy": 2883.175048828125, "fx": 2892.3303222656255}, {"id": 18, "img_name": "0013", "width": 1554, "height": 1162, "position": [1.3868927513392955, 0.5225125682417932, -1.5913418503810162], "rotation": [[0.754619294555808, 0.2998399991007125, -0.5836486059465741], [-0.5177243891755935, 0.8185519198967798, -0.24886584997957106], [0.40312675070857457, 0.4899680901574922, 0.772929552734637]], "fy": 2883.175048828125, "fx": 2892.3303222656255}, {"id": 19, "img_name": "0014", "width": 1554, "height": 1162, "position": [1.618473293069368, 0.25449216413713216, -1.4531785130083752], "rotation": [[0.5523624938879859, 0.44114773032864446, -0.7073078222186787], [-0.6994106299910987, 0.7069223528510342, -0.10528797507318886], [0.4535641586383332, 0.5528557380234412, 0.6990208057942607]], "fy": 2883.175048828125, "fx": 2892.3303222656255}, {"id": 20, "img_name": "0015", "width": 1554, "height": 1162, "position": [1.760043578491372, -0.06886502184002032, -1.303141503917785], "rotation": [[0.30679901824636, 0.5421411151448252, -0.782277044065972], [-0.8241403246315021, 0.5624583775818625, 0.06658302189192986], [0.4760956707630849, 0.6242784512999822, 0.6193620326780969]], "fy": 2883.175048828125, "fx": 2892.3303222656255}, {"id": 21, "img_name": "0017", "width": 1554, "height": 1162, "position": [1.7245355445523114, -0.7722946785000907, -1.0238468626235988], "rotation": [[-0.2378676450881216, 0.5998026054648038, -0.7639737023601428], [-0.8699717634842696, 0.21821183495376512, 0.44219082512664243], [0.43193531247201983, 0.7698184393503078, 0.4699057951078651]], "fy": 2883.175048828125, "fx": 2892.3303222656255}, {"id": 22, "img_name": "0018", "width": 1554, "height": 1162, "position": [1.5548244674566538, -1.094725930088978, -0.9135962353031302], "rotation": [[-0.493863244137269, 0.549911358193099, -0.6735700366112147], [-0.7876439197238665, 0.04527431785408203, 0.6144650452750512], [0.36839673154390923, 0.833995044513496, 0.41077501617636913]], "fy": 2883.175048828125, "fx": 2892.3303222656255}, {"id": 23, "img_name": "0019", "width": 1554, "height": 1162, "position": [1.5933611160272159, -1.2360137148721553, -0.5334484558657407], "rotation": [[-0.6232370013252642, 0.36087592284835174, -0.6937897437173909], [-0.7198983802495864, 0.08180529731261887, 0.689241768500441], [0.3054864355304735, 0.9290190857242623, 0.2088099041399649]], "fy": 2883.175048828125, "fx": 2892.3303222656255}, {"id": 24, "img_name": "0020", "width": 1554, "height": 1162, "position": [1.8056299837567533, -0.9382415114920005, -0.6306166772047339], "rotation": [[-0.42348868717177357, 0.41263591772973146, -0.8064669436727521], [-0.8259116294892827, 0.18989134295295082, 0.5308589814120903], [0.37219257396122896, 0.8908832006895555, 0.2603839676655381]], "fy": 2883.175048828125, "fx": 2892.3303222656255}, {"id": 25, "img_name": "0021", "width": 1554, "height": 1162, "position": [1.9388930321413613, -0.6054068149333509, -0.7504428734867212], "rotation": [[-0.20023859529176494, 0.43584343354531135, -0.8774651026627867], [-0.8843218163047364, 0.30513493518921553, 0.3533660942062287], [0.4217575490291464, 0.8467190636583701, 0.32432606598055025]], "fy": 2883.175048828125, "fx": 2892.3303222656255}, {"id": 26, "img_name": "0022", "width": 1554, "height": 1162, "position": [1.986695444919967, -0.2554734978945665, -0.8856892191631198], "rotation": [[0.033342553993258604, 0.42895268359724154, -0.9027113986917031], [-0.8914967514943395, 0.42106221680725675, 0.1671530785011106], [0.4517984242648998, 0.7991909689255025, 0.39644921367013725]], "fy": 2883.175048828125, "fx": 2892.3303222656255}, {"id": 27, "img_name": "0023", "width": 1554, "height": 1162, "position": [1.9449669241270637, 0.09321416350309326, -1.0294457105253614], "rotation": [[0.2647325038151239, 0.39251894038696117, -0.8808209709477134], [-0.8471679826601413, 0.5310208363010707, -0.017980004717976363], [0.4606767962241231, 0.7509632167101189, 0.4731079544555015]], "fy": 2883.175048828125, "fx": 2892.3303222656255}, {"id": 28, "img_name": "0025", "width": 1554, "height": 1162, "position": [1.6050805825467118, 0.6982731419375152, -1.3193440752170822], "rotation": [[0.671672817257893, 0.24537972995002272, -0.6990310541646192], [-0.615308160789241, 0.7102832336643369, -0.3418970535724087], [0.41261543090752995, 0.6597624694577486, 0.6280620909368806]], "fy": 2883.175048828125, "fx": 2892.3303222656255}, {"id": 29, "img_name": "0026", "width": 1554, "height": 1162, "position": [1.3279025257111974, 0.9232343811981217, -1.4440068481096318], "rotation": [[0.8220288172137834, 0.14084013012759222, -0.5517541856803181], [-0.4418409793798241, 0.7689916234923588, -0.4619831511421863], [0.3592285798913916, 0.6235510730840171, 0.6943622157382879]], "fy": 2883.175048828125, "fx": 2892.3303222656255}, {"id": 30, "img_name": "0027", "width": 1554, "height": 1162, "position": [0.9988420814223068, 1.0795686757599352, -1.5460524470327626], "rotation": [[0.9260244613467035, 0.022971420541853606, -0.37676386613612123], [-0.2417825429260078, 0.8025950538579478, -0.5453277743330069], [0.2898618617958923, 0.5960817841211448, 0.7487767409015667]], "fy": 2883.175048828125, "fx": 2892.3303222656255}, {"id": 31, "img_name": "0028", "width": 1554, "height": 1162, "position": [0.6764042324065862, 1.4279088206258268, -1.3619271985030241], "rotation": [[0.9740276148369991, -0.09609419700446284, -0.20502709781151895], [-0.08712734122558594, 0.6767033188536326, -0.7310823788489496], [0.20899529168358552, 0.7299578916311176, 0.6507552877230784]], "fy": 2883.175048828125, "fx": 2892.3303222656255}, {"id": 32, "img_name": "0029", "width": 1554, "height": 1162, "position": [1.0361433722084092, 1.343694612415409, -1.28576683676228], "rotation": [[0.9180172737320318, -0.02190377587828958, -0.39593498169760266], [-0.2800093476042649, 0.671193495616868, -0.6863629190856999], [0.2807829239534364, 0.7409585116886659, 0.61003396099912]], "fy": 2883.175048828125, "fx": 2892.3303222656255}, {"id": 33, "img_name": "0030", "width": 1554, "height": 1162, "position": [1.3646853298768764, 1.1894935824760775, -1.184380147711066], "rotation": [[0.8195880862434703, 0.04847256172674917, -0.5708990976060588], [-0.45934852971035195, 0.6511456944469044, -0.6041590956496445], [0.3424533503131539, 0.7574032580883876, 0.5559370535378904]], "fy": 2883.175048828125, "fx": 2892.3303222656255}, {"id": 34, "img_name": "0031", "width": 1554, "height": 1162, "position": [1.6476055812927757, 0.9722656964087274, -1.0620473798447232], "rotation": [[0.6832262179260312, 0.11188425838429818, -0.7215842624837979], [-0.6167831719882846, 0.6173926431108119, -0.48826718401374847], [0.39087140326527, 0.7786579717426906, 0.49082716830978035]], "fy": 2883.175048828125, "fx": 2892.3303222656255}, {"id": 35, "img_name": "0033", "width": 1554, "height": 1162, "position": [2.025779710543472, 0.39168852669599746, -0.7779544203099952], "rotation": [[0.3237584911660867, 0.2058831309161022, -0.9234676907190863], [-0.8381777506900829, 0.5151871434939669, -0.17899794810734485], [0.4389060237066381, 0.8319821774429483, 0.3393628718220633]], "fy": 2883.175048828125, "fx": 2892.3303222656255}, {"id": 36, "img_name": "0034", "width": 1554, "height": 1162, "position": [2.103866119152852, 0.053311467334786325, -0.6327205511631806], "rotation": [[0.11715551401620841, 0.23413752536349328, -0.9651187516322837], [-0.892022518883002, 0.4519888814312357, 0.0013699883813423344], [0.43654371068797077, 0.8607471581592356, 0.26180893487346335]], "fy": 2883.175048828125, "fx": 2892.3303222656255}, {"id": 37, "img_name": "0035", "width": 1554, "height": 1162, "position": [2.1016606501415525, -0.29719392951484225, -0.492865060012965], "rotation": [[-0.09561720836265315, 0.2475823021074931, -0.964137102879091], [-0.9038958376723042, 0.38409013086016863, 0.18827396531252516], [0.4169288477709551, 0.8894817452083954, 0.18706298628379453]], "fy": 2883.175048828125, "fx": 2892.3303222656255}, {"id": 38, "img_name": "0036", "width": 1554, "height": 1162, "position": [2.019828122013435, -0.6410866222337095, -0.3627376016946603], "rotation": [[-0.3041632386399251, 0.24429847928816398, -0.9207621719410295], [-0.8733302662983928, 0.314555422293378, 0.3719531318231004], [0.38049831829753167, 0.9172639420163233, 0.11767705999652173]], "fy": 2883.175048828125, "fx": 2892.3303222656255}, {"id": 39, "img_name": "0037", "width": 1554, "height": 1162, "position": [1.8622425375249507, -0.9642307192122346, -0.2494913852262013], "rotation": [[-0.49897652418626676, 0.22500619061397234, -0.8368958373037715], [-0.8018361245380641, 0.24647877792203696, 0.5443409238885475], [0.3287571409061259, 0.9426666569999428, 0.05743096798576366]], "fy": 2883.175048828125, "fx": 2892.3303222656255}, {"id": 40, "img_name": "0038", "width": 1554, "height": 1162, "position": [1.7383693680660282, -1.0946081855946803, 0.18114384957067683], "rotation": [[-0.6362975907000865, 0.031571162687508814, -0.7707974038330844], [-0.727665723932678, 0.30723730932590554, 0.6132763080143476], [0.25617956648178586, 0.9511090880886042, -0.17252110674484814]], "fy": 2883.175048828125, "fx": 2892.3303222656255}, {"id": 41, "img_name": "0039", "width": 1554, "height": 1162, "position": [1.9470738709958548, -0.7974544151929559, 0.08472253734475906], "rotation": [[-0.4696535997483656, 0.04291578814957331, -0.8818070828536723], [-0.8247217309039826, 0.33511205599910265, 0.4555589714831589], [0.31505485683947393, 0.9412003745492005, -0.12199300033322974]], "fy": 2883.175048828125, "fx": 2892.3303222656255}, {"id": 42, "img_name": "0041", "width": 1554, "height": 1162, "position": [2.1596570314393695, -0.12484326312108684, -0.16256143198121237], "rotation": [[-0.08620753186971479, 0.047456424877896565, -0.995146295369048], [-0.9143024702330107, 0.3930108951559998, 0.09794605257229069], [0.3957515058401498, 0.9183084035477885, 0.009509027224982237]], "fy": 2883.175048828125, "fx": 2892.3303222656255}, {"id": 43, "img_name": "0042", "width": 1554, "height": 1162, "position": [2.154401104332299, 0.2230526228251377, -0.3033711276468684], "rotation": [[0.116325655616903, 0.03981567554025405, -0.9924127436840836], [-0.9025772544382756, 0.4212504968424093, -0.08889498681414736], [0.4145149473975113, 0.9060699370861481, 0.08493896333686722]], "fy": 2883.175048828125, "fx": 2892.3303222656255}, {"id": 44, "img_name": "0043", "width": 1554, "height": 1162, "position": [2.0743189813093057, 0.5582711394866883, -0.44871085995725263], "rotation": [[0.3116187657980323, 0.027035069193111716, -0.9498225359698699], [-0.8534517402715858, 0.4474247744500036, -0.26726615617351374], [0.41774857489872136, 0.8939128459990308, 0.16249908285279713]], "fy": 2883.175048828125, "fx": 2892.3303222656255}, {"id": 45, "img_name": "0044", "width": 1554, "height": 1162, "position": [1.9224130225686618, 0.8689573271359439, -0.5938026735197071], "rotation": [[0.4945194044780495, 0.009316795485454485, -0.8691166526517355], [-0.7691180730228776, 0.47046124842102555, -0.43257785829108886], [0.40485546599280414, 0.8823714699920958, 0.2398179321896863]], "fy": 2883.175048828125, "fx": 2892.3303222656255}, {"id": 46, "img_name": "0045", "width": 1554, "height": 1162, "position": [1.705399179533718, 1.1411882623288772, -0.7315817337732233], "rotation": [[0.6570528440134802, -0.012963961484643289, -0.7537330401915668], [-0.6530517976915952, 0.4896701123637629, -0.5777079976851933], [0.37656992671424644, 0.8718113997650434, 0.3132730016042599]], "fy": 2883.175048828125, "fx": 2892.3303222656255}, {"id": 47, "img_name": "0046", "width": 1554, "height": 1162, "position": [1.4312646291564568, 1.3660308796319822, -0.8561179549432367], "rotation": [[0.7939043381581884, -0.03966155724011863, -0.6067477752170974], [-0.5083118426939451, 0.5042992086979147, -0.6980697520189104], [0.33366895634849586, 0.8626176841358785, 0.3802048902701802]], "fy": 2883.175048828125, "fx": 2892.3303222656255}, {"id": 48, "img_name": "0047", "width": 1554, "height": 1162, "position": [1.1114386612349985, 1.5316954149302142, -0.961424165217307], "rotation": [[0.8966865285790985, -0.0689317392872653, -0.43726614868246777], [-0.3439939965511783, 0.5131974782344696, -0.7863183062033651], [0.27860617330115545, 0.8554979623895159, 0.4364651607469637]], "fy": 2883.175048828125, "fx": 2892.3303222656255}]