[{"id": 0, "img_name": "_DSC9213", "width": 4978, "height": 3300, "position": [0.8216700131733573, 4.078851269216608, -0.9879000602614256], "rotation": [[0.9896318665687807, -0.018331174804166666, -0.1424525770279004], [-0.09015858778767502, 0.6927815805367857, -0.7154894204089151], [0.11180428310097475, 0.7209144538010402, 0.6839460158382566]], "fy": 4528.0745533801455, "fx": 4528.597703297461}, {"id": 1, "img_name": "_DSC9221", "width": 4978, "height": 3300, "position": [-3.311023978910666, -0.34342640384223455, 2.416207019662528], "rotation": [[-0.45417550991515315, -0.155819765840768, 0.8771800309894419], [0.6300855986456536, 0.6399007497877718, 0.43990813677448104], [-0.6298545423926528, 0.7524940072813708, -0.1924474588893441]], "fy": 4528.0745533801455, "fx": 4528.597703297461}, {"id": 2, "img_name": "_DSC9229", "width": 4978, "height": 3300, "position": [2.830639588611378, 2.958163550954802, -0.454445193034504], "rotation": [[0.7083626127920102, 0.08642623516527274, -0.7005375897649132], [-0.5215846338494585, 0.7327859394104632, -0.43700599164593995], [0.47557531320559826, 0.6749483483033958, 0.5641567588817092]], "fy": 4528.0745533801455, "fx": 4528.597703297461}, {"id": 3, "img_name": "_DSC9237", "width": 4978, "height": 3300, "position": [-3.7073395466747265, 0.730543466241159, 1.0542618100457604], "rotation": [[0.08264933211226522, -0.21808527727590393, 0.9724237243799064], [0.6909675536865653, 0.7156848965401608, 0.10177901854853427], [-0.7181454780570576, 0.6635012740754846, 0.20984072923626768]], "fy": 4528.0745533801455, "fx": 4528.597703297461}, {"id": 4, "img_name": "_DSC9245", "width": 4978, "height": 3300, "position": [3.106281415292976, -0.7395566985145139, 2.5705941242236467], "rotation": [[-0.5881341609834041, 0.12596893383643823, -0.7988930068491389], [-0.5921245485814284, 0.6057785787015936, 0.5314328109493396], [0.5508962948247037, 0.7855979514321483, -0.2816897780431961]], "fy": 4528.0745533801455, "fx": 4528.597703297461}, {"id": 5, "img_name": "_DSC9253", "width": 4978, "height": 3300, "position": [-1.4351193433044611, 2.427131062396963, -1.5546855212971733], "rotation": [[0.9053458400713073, -0.1371283007372878, 0.4019262855331597], [0.2847101551061889, 0.8982254291959735, -0.3348599795811963], [-0.3151016303432734, 0.4175965846155991, 0.8522464755412003]], "fy": 4528.0745533801455, "fx": 4528.597703297461}, {"id": 6, "img_name": "_DSC9261", "width": 4978, "height": 3300, "position": [0.8948304888427726, -2.096016513509712, 2.5826543879301656], "rotation": [[-0.9838087263470188, 0.06655208558409094, -0.16640676028294007], [-0.1448280853469386, 0.25171432520730924, 0.9569037172987513], [0.10557090346395599, 0.9655105998329778, -0.23800013855451255]], "fy": 4528.0745533801455, "fx": 4528.597703297461}, {"id": 7, "img_name": "_DSC9269", "width": 4978, "height": 3300, "position": [0.631594409693261, 2.5752665821016985, -1.8427286029836873], "rotation": [[0.99053587993084, 0.09207288496861513, -0.10179024719094132], [-0.12353222858128708, 0.9212666722844942, -0.368791956310865], [0.0598202229298538, 0.3778760410391355, 0.9239216625543598]], "fy": 4528.0745533801455, "fx": 4528.597703297461}, {"id": 8, "img_name": "_DSC9277", "width": 4978, "height": 3300, "position": [-3.36091000839606, -1.8848660522586174, 1.1778093164762866], "rotation": [[-0.4130879306488823, -0.24663176326346434, 0.8766590756398855], [0.6517564161859004, 0.5922725195393619, 0.4737370964564707], [-0.6360596949286562, 0.7670632542027095, -0.08391679533450971]], "fy": 4528.0745533801455, "fx": 4528.597703297461}, {"id": 9, "img_name": "_DSC9285", "width": 4978, "height": 3300, "position": [3.777247425149188, -0.03411719508408883, -0.07060747510605724], "rotation": [[0.09739926570343208, 0.5734276541722555, -0.8134458239310939], [-0.7490249477674725, 0.5804267788106672, 0.31947829669855204], [0.6553434295561126, 0.578174264275034, 0.4860447607655653]], "fy": 4528.0745533801455, "fx": 4528.597703297461}, {"id": 10, "img_name": "_DSC9293", "width": 4978, "height": 3300, "position": [-3.3101260403107586, -0.37285213458976507, -1.1423267578152616], "rotation": [[0.25410433736791893, -0.6636327862405272, 0.7035783614903498], [0.6947999516876052, 0.6313086202954146, 0.3445322235663906], [-0.6728179641371892, 0.40129907920070634, 0.6215102864530506]], "fy": 4528.0745533801455, "fx": 4528.597703297461}, {"id": 11, "img_name": "_DSC9301", "width": 4978, "height": 3300, "position": [2.733929997183439, -2.2152838881784804, 0.6449098211861783], "rotation": [[-0.5515439609846825, 0.6214980915243842, -0.5563626347382382], [-0.6153895902791074, 0.1470955306123473, 0.7743762374001308], [0.5631118106357195, 0.7694823111062526, 0.30133380430536083]], "fy": 4528.0745533801455, "fx": 4528.597703297461}, {"id": 12, "img_name": "_DSC9309", "width": 4978, "height": 3300, "position": [-0.5137550183776444, 0.6676388382022748, -2.7889819603960997], "rotation": [[0.9524862062815822, -0.26223749344843694, 0.1549242520498331], [0.22776185653842512, 0.9509452613721285, 0.2093505351797893], [-0.2022240429560468, -0.1641176617667195, 0.9654899427475855]], "fy": 4528.0745533801455, "fx": 4528.597703297461}, {"id": 13, "img_name": "_DSC9318", "width": 4978, "height": 3300, "position": [0.5298541341942129, -2.968276201322315, 0.9425386005024536], "rotation": [[-0.9852813292542025, 0.15145691970421304, -0.07925593792760094], [-0.11735124960114061, -0.2621734701887032, 0.957858943553937], [0.12429556082227136, 0.9530613164969631, 0.27608828399074137]], "fy": 4528.0745533801455, "fx": 4528.597703297461}, {"id": 14, "img_name": "_DSC9326", "width": 4978, "height": 3300, "position": [0.2767106090497416, 1.3297854837798309, -3.084575769981545], "rotation": [[0.9999968982807281, 0.0006922351132086957, -0.0023925382903807538], [-0.0007040673740004391, 0.9999875097969971, -0.0049481854384895], [0.002389083099384625, 0.004949854598758669, 0.9999848954966246]], "fy": 4528.0745533801455, "fx": 4528.597703297461}, {"id": 15, "img_name": "_DSC9334", "width": 4978, "height": 3300, "position": [1.5945885113510299, -2.135154213317888, 0.20429168574332782], "rotation": [[-0.7250514981644967, 0.5970615147178037, -0.3432460817726849], [-0.5099247713734738, -0.1304189710339168, 0.8502750258205662], [0.4629006940469296, 0.7915228610958347, 0.39901692672558975]], "fy": 4528.0745533801455, "fx": 4528.597703297461}, {"id": 16, "img_name": "_DSC9214", "width": 4978, "height": 3300, "position": [-0.39162385766993035, 3.7647925918740657, -1.0876894691794075], "rotation": [[0.9746022165821833, -0.06128287405505735, 0.21539482069132318], [0.18980253683228, 0.7365043784674549, -0.6492582671867173], [-0.11885081592116349, 0.6736510297222293, 0.7294304447368877]], "fy": 4528.0745533801455, "fx": 4528.597703297461}, {"id": 17, "img_name": "_DSC9215", "width": 4978, "height": 3300, "position": [-1.378776343370328, 3.4453595585535974, -0.8504495742255576], "rotation": [[0.8877688750729753, -0.05422895305480166, 0.4570838490936252], [0.35399278427836584, 0.7151568964633883, -0.6026937216528014], [-0.29420321740340327, 0.6968571116745774, 0.6540906915543526]], "fy": 4528.0745533801455, "fx": 4528.597703297461}, {"id": 18, "img_name": "_DSC9216", "width": 4978, "height": 3300, "position": [-2.005909837091235, 3.085731120457363, -0.622565896218959], "rotation": [[0.8050915018733248, -0.0674928924210819, 0.5892982123543145], [0.44154398168294295, 0.731586353388459, -0.5194423161192684], [-0.39606386587383524, 0.6783996735025846, 0.6187950364544463]], "fy": 4528.0745533801455, "fx": 4528.597703297461}, {"id": 19, "img_name": "_DSC9217", "width": 4978, "height": 3300, "position": [-2.640623226691686, 2.526098874148505, -0.17643633355447544], "rotation": [[0.6186393946851907, -0.06632868611129872, 0.7828702349318752], [0.5532349893786709, 0.744289859987148, -0.3741171619259042], [-0.557867677743318, 0.6645548207025965, 0.4971423784090603]], "fy": 4528.0745533801455, "fx": 4528.597703297461}, {"id": 20, "img_name": "_DSC9218", "width": 4978, "height": 3300, "position": [-3.386585108118528, 1.839024197504174, 0.39381280059727974], "rotation": [[0.3339624583828897, -0.0958856743564265, 0.9376966534248002], [0.6625782274428308, 0.7314437471666788, -0.1611835514234749], [-0.6704171603632868, 0.675126641589547, 0.30780651212481847]], "fy": 4528.0745533801455, "fx": 4528.597703297461}, {"id": 21, "img_name": "_DSC9219", "width": 4978, "height": 3300, "position": [-3.7819054376464334, 1.232885584169942, 0.983935472740866], "rotation": [[0.11927137258635717, -0.12839040428186685, 0.9845253901092167], [0.7010377831948568, 0.713078541801009, 0.008063482881967362], [-0.7030792033722855, 0.6892277543100579, 0.1750563808437357]], "fy": 4528.0745533801455, "fx": 4528.597703297461}, {"id": 22, "img_name": "_DSC9220", "width": 4978, "height": 3300, "position": [-3.796143795762486, 0.4495404480285972, 1.7084771752668113], "rotation": [[-0.1125788869189446, -0.1569848969366315, 0.9811634605680576], [0.6863700754234721, 0.7017153972641652, 0.19102780113264126], [-0.718485987186437, 0.694946935654939, 0.028751397192857027]], "fy": 4528.0745533801455, "fx": 4528.597703297461}, {"id": 23, "img_name": "_DSC9222", "width": 4978, "height": 3300, "position": [-2.207208122764251, -1.045692058497157, 3.0664588820662573], "rotation": [[-0.7099243851729213, -0.11936437524581525, 0.6940889807935474], [0.4909927920861669, 0.6226630081284139, 0.6092756817959376], [-0.5049093437997354, 0.7733323504358595, -0.38343660533792223]], "fy": 4528.0745533801455, "fx": 4528.597703297461}, {"id": 24, "img_name": "_DSC9223", "width": 4978, "height": 3300, "position": [-0.9007697952564273, -1.2719686972652267, 3.361312199365219], "rotation": [[-0.8953405617082475, -0.13579982009611805, 0.424174123941834], [0.26317521314997416, 0.6070192301448267, 0.749844291448463], [-0.3593105700413309, 0.7829981245802853, -0.5077497918860533]], "fy": 4528.0745533801455, "fx": 4528.597703297461}, {"id": 25, "img_name": "_DSC9224", "width": 4978, "height": 3300, "position": [0.52625520845095, -1.5466754784068648, 3.6262499231750303], "rotation": [[-0.9975304041057566, -0.0428840259906695, -0.05562421414670137], [-0.07020665590874728, 0.6316911177615303, 0.7720345570033115], [0.0020293720007114966, 0.7740331336939138, -0.6331418400273848]], "fy": 4528.0745533801455, "fx": 4528.597703297461}, {"id": 26, "img_name": "_DSC9225", "width": 4978, "height": 3300, "position": [2.1387231595367964, -1.278690667876902, 3.5054908626877386], "rotation": [[-0.8310671550634501, -5.028866068852323e-05, -0.5561720788081631], [-0.43613857578834303, 0.6205933611157769, 0.6516494631689178], [0.34512392916756535, 0.7841325637990514, -0.515776691898604]], "fy": 4528.0745533801455, "fx": 4528.597703297461}, {"id": 27, "img_name": "_DSC9226", "width": 4978, "height": 3300, "position": [3.348091665812248, -0.6425268539487436, 2.848948011225673], "rotation": [[-0.5346270925204112, 0.06738396049655344, -0.8423973372530152], [-0.6267507889298379, 0.6370473632002467, 0.4487249777039811], [0.5668838686353642, 0.7678737258868883, -0.2983498291831104]], "fy": 4528.0745533801455, "fx": 4528.597703297461}, {"id": 28, "img_name": "_DSC9227", "width": 4978, "height": 3300, "position": [4.045351503981825, 0.4989429036109295, 1.910464317998629], "rotation": [[-0.15613401637256408, 0.08325552391959085, -0.9842208525875918], [-0.733453114295385, 0.6576236697263023, 0.1719815052443495], [0.6615653392234003, 0.7487320126404278, -0.041613401514914355]], "fy": 4528.0745533801455, "fx": 4528.597703297461}, {"id": 29, "img_name": "_DSC9228", "width": 4978, "height": 3300, "position": [3.624416706526085, 1.972949334036128, 0.5702349991823529], "rotation": [[0.37035781131775203, 0.11176503246305386, -0.9221408076397319], [-0.6944991331721877, 0.6925675476676699, -0.19499011754617135], [0.6168517209338111, 0.7126421047314861, 0.3341185193084535]], "fy": 4528.0745533801455, "fx": 4528.597703297461}, {"id": 30, "img_name": "_DSC9230", "width": 4978, "height": 3300, "position": [1.683159300247502, 3.573726795649332, -0.9284884385361927], "rotation": [[0.9161911838522466, 0.051616684437939556, -0.3974033624908741], [-0.30210464565918466, 0.7405194232315966, -0.6003030625341519], [0.2632992550360852, 0.6700497755423679, 0.6940510071983651]], "fy": 4528.0745533801455, "fx": 4528.597703297461}, {"id": 31, "img_name": "_DSC9231", "width": 4978, "height": 3300, "position": [1.1907156213279135, 3.184804471117376, -1.419994501684956], "rotation": [[0.9685888969680759, 0.054788705602420884, -0.24255668700033214], [-0.1747408430663138, 0.8439574512433101, -0.5071503310216504], [0.1769214131603061, 0.5336047396990651, 0.8270216413952256]], "fy": 4528.0745533801455, "fx": 4528.597703297461}, {"id": 32, "img_name": "_DSC9232", "width": 4978, "height": 3300, "position": [1.2696457218353971, 3.6401730464078628, -1.1231022972609408], "rotation": [[0.9719527833778114, -0.026858710328391464, -0.23363731843098337], [-0.17221307776647823, 0.5952704451621837, -0.7848539691959344], [0.1601575559576322, 0.8030764015932179, 0.5739493448674426]], "fy": 4528.0745533801455, "fx": 4528.597703297461}, {"id": 33, "img_name": "_DSC9233", "width": 4978, "height": 3300, "position": [-0.6148457684133942, 3.209099294317211, -1.4791673031515515], "rotation": [[0.9650792056576594, -0.0750276660153597, 0.2509840157051218], [0.19819866450189644, 0.8356128136284451, -0.5123168112502441], [-0.1712875249305853, 0.5441709979705288, 0.82130293361884]], "fy": 4528.0745533801455, "fx": 4528.597703297461}, {"id": 34, "img_name": "_DSC9234", "width": 4978, "height": 3300, "position": [-0.6472047703002354, 3.5408570843999208, -1.1771178852726052], "rotation": [[0.9773594952874592, 0.032575614077715746, 0.20906278085518382], [0.15028998135430513, 0.588620598252369, -0.7943165067009156], [-0.14893400711713056, 0.8077528215243095, 0.5703981423913927]], "fy": 4528.0745533801455, "fx": 4528.597703297461}, {"id": 35, "img_name": "_DSC9235", "width": 4978, "height": 3300, "position": [-2.5072131590976894, 2.4230252402758783, -0.5832667236762004], "rotation": [[0.6705540033532206, -0.13226656676107632, 0.7299745775739092], [0.5266539134974566, 0.7778807532839622, -0.3428369715596458], [-0.5224873050943751, 0.6143346718097665, 0.591269758255573]], "fy": 4528.0745533801455, "fx": 4528.597703297461}, {"id": 36, "img_name": "_DSC9236", "width": 4978, "height": 3300, "position": [-2.524582645180421, 2.707466104921509, -0.32160447238706097], "rotation": [[0.6789033129690226, 0.1037045535372001, 0.7268670148076162], [0.5288593604611007, 0.6176462491876674, -0.5820832309189825], [-0.509311366938105, 0.7795886584860351, 0.36447696095581017]], "fy": 4528.0745533801455, "fx": 4528.597703297461}, {"id": 37, "img_name": "_DSC9238", "width": 4978, "height": 3300, "position": [-3.723825889477055, 1.001411514795046, 1.3074640669182755], "rotation": [[0.06690232462704668, 0.22534338192826261, 0.9719796495712398], [0.6994033383006028, 0.6841682063636201, -0.20675791587061337], [-0.7115891014718182, 0.6936383968771629, -0.11183347014293138]], "fy": 4528.0745533801455, "fx": 4528.597703297461}, {"id": 38, "img_name": "_DSC9239", "width": 4978, "height": 3300, "position": [-3.129610594746571, -1.1605124008350773, 2.697964242172264], "rotation": [[-0.5499444641462685, -0.12787970958691697, 0.8253531766648984], [0.5817470214616808, 0.6504115939262405, 0.4884006157928038], [-0.5992758040963576, 0.7487399671196222, -0.2832966153387128]], "fy": 4528.0745533801455, "fx": 4528.597703297461}, {"id": 39, "img_name": "_DSC9240", "width": 4978, "height": 3300, "position": [-3.204863843714518, -0.983103161856971, 2.912142474991829], "rotation": [[-0.4726580043733985, 0.15663719696069134, 0.8672134682014884], [0.6181600115397601, 0.7602903327256006, 0.19959160828341205], [-0.6280705462246419, 0.6304152587717821, -0.4561841628912462]], "fy": 4528.0745533801455, "fx": 4528.597703297461}, {"id": 40, "img_name": "_DSC9241", "width": 4978, "height": 3300, "position": [-0.8596254250694028, -2.0978197761859425, 3.684071763480809], "rotation": [[-0.9398771408226336, -0.09816276290312356, 0.327100950989594], [0.22079719866894645, 0.5560355678170189, 0.8012946052372693], [-0.2605370553664439, 0.8253414561874562, -0.5009310566129355]], "fy": 4528.0745533801455, "fx": 4528.597703297461}, {"id": 41, "img_name": "_DSC9242", "width": 4978, "height": 3300, "position": [-0.8768901525898449, -1.9246137967172643, 3.9408823268591124], "rotation": [[-0.9427446973248232, 0.07079616440697739, 0.32591461883626355], [0.2336589419925228, 0.8375002021087478, 0.49396043393650607], [-0.23798305505405537, 0.5418314447990876, -0.8060910314189526]], "fy": 4528.0745533801455, "fx": 4528.597703297461}, {"id": 42, "img_name": "_DSC9243", "width": 4978, "height": 3300, "position": [1.3757050827145347, -1.5726062683648017, 3.218425700115337], "rotation": [[-0.9287384373471004, 0.07082569843347512, -0.36390745449286327], [-0.28893416092479096, 0.4767655073513551, 0.8301877508435618], [0.23229714945464117, 0.876172569441326, -0.4223264885297064]], "fy": 4528.0745533801455, "fx": 4528.597703297461}, {"id": 43, "img_name": "_DSC9244", "width": 4978, "height": 3300, "position": [1.3886931368641948, -1.40539603093719, 3.491225002656883], "rotation": [[-0.9150318790163737, -0.05911403623776187, -0.39902655438384654], [-0.2892426959231601, 0.7856534457173638, 0.5468887693924015], [0.28116778485250876, 0.6158361746049948, -0.7359962518987578]], "fy": 4528.0745533801455, "fx": 4528.597703297461}, {"id": 44, "img_name": "_DSC9246", "width": 4978, "height": 3300, "position": [3.113192782305047, -0.526373733151681, 2.874932940747741], "rotation": [[-0.6238773581399338, -0.1343150658632574, -0.7698938271492276], [-0.5585722496551456, 0.7656344348668966, 0.3190626177746894], [0.5466023087360004, 0.6290972700848385, -0.5526866570275394]], "fy": 4528.0745533801455, "fx": 4528.597703297461}, {"id": 45, "img_name": "_DSC9247", "width": 4978, "height": 3300, "position": [4.032215984654157, 1.0405747159527237, 0.9451634998262048], "rotation": [[0.05370030975881005, 0.12542753544535856, -0.9906483786308395], [-0.7664375224815815, 0.6410955395042394, 0.039623646476103384], [0.6400701530801939, 0.757142286878676, 0.13055939857408047]], "fy": 4528.0745533801455, "fx": 4528.597703297461}, {"id": 46, "img_name": "_DSC9248", "width": 4978, "height": 3300, "position": [4.0379853435919815, 1.2222033766258353, 1.1469603078027821], "rotation": [[0.07644460995497547, -0.17759851937677748, -0.9811294448359031], [-0.7726090504990212, 0.6114535197922106, -0.1708796307952392], [0.6302630218375752, 0.7710923155166916, -0.09047189759961158]], "fy": 4528.0745533801455, "fx": 4528.597703297461}, {"id": 47, "img_name": "_DSC9249", "width": 4978, "height": 3300, "position": [2.7294529670219543, 2.93010034091072, -0.8713119394572961], "rotation": [[0.7904897018813327, 0.12730379757400137, -0.5990991356551932], [-0.4689418559688098, 0.7550083401486783, -0.4583186031861087], [0.39397914531113165, 0.643238796582712, 0.6565243968282782]], "fy": 4528.0745533801455, "fx": 4528.597703297461}, {"id": 48, "img_name": "_DSC9250", "width": 4978, "height": 3300, "position": [2.743621110426455, 3.0877419663066004, -0.71841325667747], "rotation": [[0.7588971369370663, -0.1283291203865016, -0.6384408918682689], [-0.49744356004329787, 0.5184713985188525, -0.695512266958215], [0.4202678195153342, 0.8454105782273675, 0.32962996541742756]], "fy": 4528.0745533801455, "fx": 4528.597703297461}, {"id": 49, "img_name": "_DSC9251", "width": 4978, "height": 3300, "position": [0.600062851060241, 2.838523748992478, -1.855222302669707], "rotation": [[0.9946540720253816, 0.07289141799471215, -0.0731445020903615], [-0.09559419056609418, 0.9178375264466423, -0.38527396197553027], [0.03905160346695145, 0.3902065045960014, 0.919898829240276]], "fy": 4528.0745533801455, "fx": 4528.597703297461}, {"id": 50, "img_name": "_DSC9252", "width": 4978, "height": 3300, "position": [0.627558241926069, 3.2012515441185254, -1.7613067151503603], "rotation": [[0.9940959403237891, 0.011670077511338115, -0.10787525537694538], [-0.08712764382463853, 0.6783957914943615, -0.7295121135144403], [0.06466865634392563, 0.7346039472897065, 0.6754072886141023]], "fy": 4528.0745533801455, "fx": 4528.597703297461}, {"id": 51, "img_name": "_DSC9254", "width": 4978, "height": 3300, "position": [-1.5188310459336127, 2.6425752659867876, -1.4710983846010224], "rotation": [[0.9124760111432786, 0.06075860783600993, 0.4045935252347491], [0.30050147314138, 0.5715663493620489, -0.7635514212656543], [-0.2776443655612554, 0.8183033055357717, 0.5032825314088675]], "fy": 4528.0745533801455, "fx": 4528.597703297461}, {"id": 52, "img_name": "_DSC9255", "width": 4978, "height": 3300, "position": [-3.2290230014882306, 0.9737285553807872, -0.34679049334052214], "rotation": [[0.35861611031952073, -0.3698767346368686, 0.8570797434274509], [0.6334044269796432, 0.7708589510670744, 0.06764103371741148], [-0.6857064366781805, 0.5186209393517942, 0.5107239997924272]], "fy": 4528.0745533801455, "fx": 4528.597703297461}, {"id": 53, "img_name": "_DSC9256", "width": 4978, "height": 3300, "position": [-3.4665404396264643, 1.1910227973106946, -0.24036167044399867], "rotation": [[0.37846858380235876, 0.06277019616286077, 0.9234833152517226], [0.6579459813674177, 0.6835099960491212, -0.3161031016984739], [-0.6510519308604363, 0.7272372293650855, 0.21738766190446807]], "fy": 4528.0745533801455, "fx": 4528.597703297461}, {"id": 54, "img_name": "_DSC9257", "width": 4978, "height": 3300, "position": [-3.6137877506139264, -0.8873582478545199, 1.2932541420272359], "rotation": [[-0.2926562876842413, -0.3982841184630436, 0.8693227583924135], [0.6530082508430737, 0.5808766643946348, 0.4859655595745771], [-0.6985216686758885, 0.7098958104833967, 0.09008560733198902]], "fy": 4528.0745533801455, "fx": 4528.597703297461}, {"id": 55, "img_name": "_DSC9258", "width": 4978, "height": 3300, "position": [-3.6742676459520336, -0.5706921299366936, 1.6485499473456062], "rotation": [[-0.28004373237689306, 0.08791942433522268, 0.9559527617936892], [0.683791003484817, 0.7172022471792862, 0.13435326640692], [-0.6737992071156257, 0.6912966884526103, -0.2609665055611717]], "fy": 4528.0745533801455, "fx": 4528.597703297461}, {"id": 56, "img_name": "_DSC9259", "width": 4978, "height": 3300, "position": [-1.4944567764130199, -2.006229436790764, 2.397214768474651], "rotation": [[-0.8059929849033501, -0.2909161216191829, 0.5155027822123185], [0.40587677425152435, 0.36229845338811584, 0.8390493875784406], [-0.4308588543940643, 0.8854985267376972, -0.17393391485159668]], "fy": 4528.0745533801455, "fx": 4528.597703297461}, {"id": 57, "img_name": "_DSC9260", "width": 4978, "height": 3300, "position": [-1.5436001214691022, -1.783473082701364, 2.7086311399840692], "rotation": [[-0.77438089137987, 0.025324270947564995, 0.6322127144930666], [0.4681227737364276, 0.6951552191957215, 0.5455458641894937], [-0.4256704168426916, 0.7184134620995924, -0.5501697862469787]], "fy": 4528.0745533801455, "fx": 4528.597703297461}, {"id": 58, "img_name": "_DSC9262", "width": 4978, "height": 3300, "position": [0.9399448150320182, -1.9692349461292116, 2.892070754017755], "rotation": [[-0.99532752486512, -0.00177839950250559, -0.09653991682761599], [-0.06636890997444961, 0.7387947586192876, 0.6706545104787353], [0.07013049290199613, 0.6739281430033014, -0.7354607889163396]], "fy": 4528.0745533801455, "fx": 4528.597703297461}, {"id": 59, "img_name": "_DSC9263", "width": 4978, "height": 3300, "position": [3.3533762906478626, -1.287520689861923, 1.9029890901770514], "rotation": [[-0.5186365519599183, 0.3091184848437342, -0.7971586349648612], [-0.6694158110697781, 0.43319645085122543, 0.6035091605433117], [0.5318821287286478, 0.8466325042766881, -0.017742712342424395]], "fy": 4528.0745533801455, "fx": 4528.597703297461}, {"id": 60, "img_name": "_DSC9264", "width": 4978, "height": 3300, "position": [3.550143402210288, -1.1143062192466786, 2.244079175878859], "rotation": [[-0.5248476799672833, -0.07854721925929938, -0.8475643026812721], [-0.643464973837113, 0.6884443616322936, 0.3346598099286903], [0.5572142678339842, 0.721023366669441, -0.41187081037492973]], "fy": 4528.0745533801455, "fx": 4528.597703297461}, {"id": 61, "img_name": "_DSC9265", "width": 4978, "height": 3300, "position": [3.645029639824633, 0.2920605849142262, 0.4271313121499444], "rotation": [[0.03820022902185844, 0.43383454772281177, -0.9001823858001338], [-0.7530167086719131, 0.6046840697136034, 0.25946678457080574], [0.6568916036634939, 0.6679406867654772, 0.34978373318332895]], "fy": 4528.0745533801455, "fx": 4528.597703297461}, {"id": 62, "img_name": "_DSC9266", "width": 4978, "height": 3300, "position": [3.8147630148227205, 0.6266729278812775, 0.8124133728710035], "rotation": [[0.06975133062572499, -0.17245484227426094, -0.9825446958037584], [-0.7541274849850981, 0.6356360047034442, -0.16510180469847605], [0.6530133905717332, 0.7524800308983641, -0.08571647935610531]], "fy": 4528.0745533801455, "fx": 4528.597703297461}, {"id": 63, "img_name": "_DSC9267", "width": 4978, "height": 3300, "position": [2.5892453345406468, 1.574276670582298, -0.8577756479592981], "rotation": [[0.6635170612966337, 0.37240049093591343, -0.6488936613336348], [-0.5700102589939375, 0.8134015158594513, -0.11604429602186896], [0.48459613495151166, 0.4468734142329766, 0.7519778837451399]], "fy": 4528.0745533801455, "fx": 4528.597703297461}, {"id": 64, "img_name": "_DSC9268", "width": 4978, "height": 3300, "position": [2.8020945518844758, 1.9866851931872316, -0.7279107416124161], "rotation": [[0.6465232280408215, -0.16014114573202462, -0.7458971303385677], [-0.5578449832329794, 0.5677051591085107, -0.6054088098164555], [0.5204005094977067, 0.8075058301741326, 0.2777006372864711]], "fy": 4528.0745533801455, "fx": 4528.597703297461}, {"id": 65, "img_name": "_DSC9270", "width": 4978, "height": 3300, "position": [0.6623389684077193, 3.075332967377202, -1.5005585866742626], "rotation": [[0.9898432361882388, 0.008040146366506516, -0.14193563266072265], [-0.12461663991075354, 0.529567366548836, -0.8390644178749833], [0.06841827847693938, 0.8482297803855603, 0.5251906119089678]], "fy": 4528.0745533801455, "fx": 4528.597703297461}, {"id": 66, "img_name": "_DSC9271", "width": 4978, "height": 3300, "position": [-0.8993455440519121, 2.0215437351815595, -2.47015266468261], "rotation": [[0.9446128966493381, -0.18276754988039481, 0.2725848458635667], [0.22387805168166341, 0.9661743181829295, -0.12800705003621396], [-0.23996894269669455, 0.18194287453612665, 0.9535783643448302]], "fy": 4528.0745533801455, "fx": 4528.597703297461}, {"id": 67, "img_name": "_DSC9272", "width": 4978, "height": 3300, "position": [-0.8455036694687701, 2.4090161640842402, -1.90731131448086], "rotation": [[0.9493386909343312, -0.011165119600475738, 0.3140563484462578], [0.22206604257928741, 0.7309574825712224, -0.6452812033573543], [-0.22235719603436344, 0.6823316633261629, 0.6964056135574205]], "fy": 4528.0745533801455, "fx": 4528.597703297461}, {"id": 68, "img_name": "_DSC9273", "width": 4978, "height": 3300, "position": [-2.5898086188756553, 1.1583857835761084, -1.541088908468081], "rotation": [[0.6363741655269733, -0.4252077362886892, 0.6436041504295144], [0.5447028805432236, 0.8384881129054164, 0.015377140313731193], [-0.5461929085751324, 0.3407874198331889, 0.7652040519401835]], "fy": 4528.0745533801455, "fx": 4528.597703297461}, {"id": 69, "img_name": "_DSC9274", "width": 4978, "height": 3300, "position": [-2.555484203214158, 1.5007176658310477, -1.1556808495485746], "rotation": [[0.646538278825876, -0.05769377615147486, 0.760696839881866], [0.5365820491155672, 0.743187005822494, -0.39969085421552397], [-0.5422803320975349, 0.6665917060464973, 0.5114562922188048]], "fy": 4528.0745533801455, "fx": 4528.597703297461}, {"id": 70, "img_name": "_DSC9275", "width": 4978, "height": 3300, "position": [-3.4483656635241657, -0.29876656154042325, -0.2250208900107062], "rotation": [[0.08896699358629565, -0.3222001407469794, 0.9424818000125216], [0.7079497634792359, 0.6860612539659187, 0.16771132399574334], [-0.7006368577529375, 0.6523089951160708, 0.2891383206161923]], "fy": 4528.0745533801455, "fx": 4528.597703297461}, {"id": 71, "img_name": "_DSC9276", "width": 4978, "height": 3300, "position": [-3.4543383824306724, 0.042257670773243224, 0.13593266681194183], "rotation": [[0.10851964496608753, -0.1109284920880394, 0.9878858012440043], [0.6936812963998393, 0.7202668861300823, 0.004676726367171083], [-0.7120602121179589, 0.6847703866169659, 0.15511212696297647]], "fy": 4528.0745533801455, "fx": 4528.597703297461}, {"id": 72, "img_name": "_DSC9278", "width": 4978, "height": 3300, "position": [-3.4295555568314375, -1.539652068456306, 1.5260467803153994], "rotation": [[-0.4407262207468178, 0.002309951374355624, 0.8976386034874365], [0.649333140571617, 0.6912715480109779, 0.3170333097103629], [-0.6197796954576907, 0.722591385940321, -0.3061614248451588]], "fy": 4528.0745533801455, "fx": 4528.597703297461}, {"id": 73, "img_name": "_DSC9279", "width": 4978, "height": 3300, "position": [-1.636987855260927, -2.835994517978854, 2.0815409084761005], "rotation": [[-0.8541987451954101, -0.2860044202414879, 0.43421881040428933], [0.36969495781740747, 0.25314455604812, 0.8940041789094642], [-0.3656092748700053, 0.9241857526198562, -0.11050137005258384]], "fy": 4528.0745533801455, "fx": 4528.597703297461}, {"id": 74, "img_name": "_DSC9280", "width": 4978, "height": 3300, "position": [-1.6369062457950616, -2.5109362101558848, 2.4428630893972105], "rotation": [[-0.8283459929507231, -0.06898205401138319, 0.5559535881589853], [0.40596467699118843, 0.6099528082270814, 0.6805514328625994], [-0.3860512880407475, 0.7894295712476621, -0.4772476873090237]], "fy": 4528.0745533801455, "fx": 4528.597703297461}, {"id": 75, "img_name": "_DSC9281", "width": 4978, "height": 3300, "position": [0.3809744122209306, -2.66912033335817, 2.177865407501872], "rotation": [[-0.9981749467830847, -0.057965804607842224, -0.016933431747622574], [-0.023339178462615663, 0.11168185245467864, 0.9934699022018642], [-0.05569612520881601, 0.9920519791464845, -0.11283090138905683]], "fy": 4528.0745533801455, "fx": 4528.597703297461}, {"id": 76, "img_name": "_DSC9282", "width": 4978, "height": 3300, "position": [0.34570901211337757, -2.357134480859943, 2.409345651535479], "rotation": [[-0.9980821545006446, -0.04099513700996713, 0.04638331174986275], [0.01568409623396495, 0.5573707826443598, 0.8301155460414757], [-0.0598834033157323, 0.8292509930026903, -0.5556588599234041]], "fy": 4528.0745533801455, "fx": 4528.597703297461}, {"id": 77, "img_name": "_DSC9283", "width": 4978, "height": 3300, "position": [2.7154757940080043, -1.8941716825649242, 1.5496463924517276], "rotation": [[-0.6356246752904218, 0.45044616807435894, -0.626960542481799], [-0.580305462402959, 0.2568247482849049, 0.7728432046500008], [0.5091432435643558, 0.8550668385193764, 0.09815222461689521]], "fy": 4528.0745533801455, "fx": 4528.597703297461}, {"id": 78, "img_name": "_DSC9284", "width": 4978, "height": 3300, "position": [2.6836916873957115, -1.5679482335700436, 1.8661186789293287], "rotation": [[-0.684944608125072, 0.06496523096388687, -0.7256930498263024], [-0.5486738554587598, 0.6093427103662808, 0.5724145889645849], [0.4793828158543143, 0.790241089851245, -0.38172128022197704]], "fy": 4528.0745533801455, "fx": 4528.597703297461}, {"id": 79, "img_name": "_DSC9286", "width": 4978, "height": 3300, "position": [3.7728902347936115, 0.25189611192071226, 0.21530079236829183], "rotation": [[0.10742063176670151, 0.1239679507390487, -0.9864546391296476], [-0.7370500169884256, 0.6758220709269289, 0.004669143968485498], [0.6672466413015535, 0.7265648461339138, 0.1639678140190875]], "fy": 4528.0745533801455, "fx": 4528.597703297461}, {"id": 80, "img_name": "_DSC9287", "width": 4978, "height": 3300, "position": [2.2333683894244984, 1.8545356933044674, -1.7183091469695746], "rotation": [[0.8351982893761392, 0.3241929096109339, -0.444232793455377], [-0.4283915147738467, 0.8900469543082773, -0.155875364302152], [0.3448543569290374, 0.3204923969216062, 0.8822471853298846]], "fy": 4528.0745533801455, "fx": 4528.597703297461}, {"id": 81, "img_name": "_DSC9288", "width": 4978, "height": 3300, "position": [2.256067254151236, 2.1748293362597386, -1.4637305192197692], "rotation": [[0.8118650336552692, 0.06184017365535757, -0.5805609012413804], [-0.4395848462859826, 0.7191618812509359, -0.5381183433700656], [0.3842399381163517, 0.6920852414824998, 0.6110463881559666]], "fy": 4528.0745533801455, "fx": 4528.597703297461}, {"id": 82, "img_name": "_DSC9289", "width": 4978, "height": 3300, "position": [0.1711479369140849, 1.482334936310102, -2.9230027891790527], "rotation": [[0.9976222885722889, -0.06496685191698208, 0.02300168462930664], [0.06581048074138311, 0.9971065433515075, -0.03804631165036039], [-0.020463381157013134, 0.039469600423683415, 0.9990112114856456]], "fy": 4528.0745533801455, "fx": 4528.597703297461}, {"id": 83, "img_name": "_DSC9290", "width": 4978, "height": 3300, "position": [0.19641304225904024, 1.8716251735889287, -2.525828102216124], "rotation": [[0.9962911558424679, 0.026604010248838936, 0.08183006433309793], [0.03777703578351456, 0.7192103365566839, -0.6937646483912482], [-0.07730994992554538, 0.6942828806968389, 0.7155378768547536]], "fy": 4528.0745533801455, "fx": 4528.597703297461}, {"id": 84, "img_name": "_DSC9291", "width": 4978, "height": 3300, "position": [-1.7322148838593157, 0.9822481595307169, -2.406083517157683], "rotation": [[0.8134331234455046, -0.399058351549677, 0.4231772509719127], [0.42045865538645566, 0.9061306843102093, 0.04627852700903129], [-0.40192172470806364, 0.14028405116037368, 0.9048642507015785]], "fy": 4528.0745533801455, "fx": 4528.597703297461}, {"id": 85, "img_name": "_DSC9292", "width": 4978, "height": 3300, "position": [-1.7161181459247181, 1.2182688175557914, -2.088235053146202], "rotation": [[0.7865921238137666, 0.01144250794681444, 0.617366908544696], [0.4503738355297777, 0.6733570125483719, -0.5863051610911576], [-0.4224171386489244, 0.7392289243961028, 0.5245039163932301]], "fy": 4528.0745533801455, "fx": 4528.597703297461}, {"id": 86, "img_name": "_DSC9294", "width": 4978, "height": 3300, "position": [-3.2665655555251396, -0.2450655093641694, -1.0018655550341635], "rotation": [[0.26760317835631037, 0.0308859176408722, 0.9630340591199676], [0.6846725127058572, 0.6971510927508202, -0.21261209801275358], [-0.6779469664204186, 0.7162586222642057, 0.1654131093762924]], "fy": 4528.0745533801455, "fx": 4528.597703297461}, {"id": 87, "img_name": "_DSC9295", "width": 4978, "height": 3300, "position": [-3.040576491488362, -2.06989160526443, 0.2789091881906109], "rotation": [[-0.3162396237315709, -0.6801640297941104, 0.6613390907517496], [0.6793568591062933, 0.3242155824803772, 0.6582997144630566], [-0.6621682251266262, 0.6574657015017179, 0.35954428514649955]], "fy": 4528.0745533801455, "fx": 4528.597703297461}, {"id": 88, "img_name": "_DSC9296", "width": 4978, "height": 3300, "position": [-3.042084350914142, -1.9344830929061234, 0.4364596666127735], "rotation": [[-0.3396441674373102, -0.05272015116864705, 0.9390753032566512], [0.665819120162692, 0.6917243474108852, 0.2796467886902397], [-0.6643242722884624, 0.7202346929020709, -0.1998380554065342]], "fy": 4528.0745533801455, "fx": 4528.597703297461}, {"id": 89, "img_name": "_DSC9297", "width": 4978, "height": 3300, "position": [-1.3426881265043558, -3.215217980027629, 1.4179559018143781], "rotation": [[-0.8725913205850473, -0.35711445729725716, 0.3332471329643028], [0.34315362504055413, 0.0373323513741455, 0.9385370984475806], [-0.34760606562770013, 0.9333142878635056, 0.08996923478983378]], "fy": 4528.0745533801455, "fx": 4528.597703297461}, {"id": 90, "img_name": "_DSC9298", "width": 4978, "height": 3300, "position": [-1.286408598496801, -3.1486898780700057, 1.4925879555662922], "rotation": [[-0.887341614427369, -0.052180445358868045, 0.45815069619894716], [0.3172453677287899, 0.65196498569431, 0.6886922637021872], [-0.33463448112837185, 0.7564514912079745, -0.5619616583799794]], "fy": 4528.0745533801455, "fx": 4528.597703297461}, {"id": 91, "img_name": "_DSC9299", "width": 4978, "height": 3300, "position": [0.8042753174606458, -2.9769359364992756, 1.434706794497987], "rotation": [[-0.9863998493102588, 0.09429579119528558, -0.13462407304622173], [-0.1462551346945657, -0.1298180732668086, 0.9806919513429119], [0.0749984856925378, 0.9870438549609378, 0.14184377155052483]], "fy": 4528.0745533801455, "fx": 4528.597703297461}, {"id": 92, "img_name": "_DSC9300", "width": 4978, "height": 3300, "position": [0.8232226972752518, -2.823282284664195, 1.675891819561984], "rotation": [[-0.9849515489249651, -0.008191318415575159, -0.17263646362494378], [-0.138784311119973, 0.6327852397626388, 0.7617885240179814], [0.10300175366112178, 0.7742840193631496, -0.624399628524536]], "fy": 4528.0745533801455, "fx": 4528.597703297461}, {"id": 93, "img_name": "_DSC9302", "width": 4978, "height": 3300, "position": [2.7597438567913004, -2.039431921806597, 0.8060529404409045], "rotation": [[-0.546543875202465, 0.02885018535270522, -0.8369333660954056], [-0.6314869456193076, 0.6421978656096027, 0.43451828375669993], [0.5500127543894499, 0.765995801693185, -0.3327707946880933]], "fy": 4528.0745533801455, "fx": 4528.597703297461}, {"id": 94, "img_name": "_DSC9303", "width": 4978, "height": 3300, "position": [3.588431564097322, -0.6343634101517901, -0.7129281419646378], "rotation": [[0.12753036165737439, 0.681721405045809, -0.7204109471391361], [-0.7309840632038284, 0.5555301828809198, 0.3962934711174451], [0.6703717671542864, 0.47606947162222, 0.5691744477677994]], "fy": 4528.0745533801455, "fx": 4528.597703297461}, {"id": 95, "img_name": "_DSC9304", "width": 4978, "height": 3300, "position": [3.5829074745644625, -0.48063637895453964, -0.5688172773215594], "rotation": [[0.13579042915509915, 0.1408948390263459, -0.9806679375229996], [-0.732349400656378, 0.6809196424721331, -0.003577129277298029], [0.6672520623483437, 0.7186773162076024, 0.19564662138794897]], "fy": 4528.0745533801455, "fx": 4528.597703297461}, {"id": 96, "img_name": "_DSC9305", "width": 4978, "height": 3300, "position": [2.719590557214585, 0.9752397876857476, -2.2487630716761147], "rotation": [[0.7000057479996301, 0.4943247201796492, -0.5153979276120441], [-0.5596276764901728, 0.8280419851925597, 0.03410768922948994], [0.44363139707835025, 0.26455536618575043, 0.8562719438056081]], "fy": 4528.0745533801455, "fx": 4528.597703297461}, {"id": 97, "img_name": "_DSC9306", "width": 4978, "height": 3300, "position": [2.773959840312803, 1.2529209496388665, -2.0517592611247553], "rotation": [[0.7386642975969223, 0.07494418684023034, -0.6698943381717016], [-0.491801976787787, 0.7395559241645178, -0.45955179322987216], [0.4609835909045683, 0.6689098623073387, 0.5831412564934049]], "fy": 4528.0745533801455, "fx": 4528.597703297461}, {"id": 98, "img_name": "_DSC9307", "width": 4978, "height": 3300, "position": [0.7366493953693506, 1.6029554399913344, -2.8207979124029876], "rotation": [[0.98753903393044, 0.08897375636392427, -0.1298088099561297], [-0.09569872722143903, 0.9943231165841522, -0.04651121837336644], [0.12493362266391765, 0.0583541815542933, 0.9904475652063559]], "fy": 4528.0745533801455, "fx": 4528.597703297461}, {"id": 99, "img_name": "_DSC9308", "width": 4978, "height": 3300, "position": [0.728850599015141, 1.793830513948835, -2.6605678871253144], "rotation": [[0.99393461698447, 0.02454336480960547, -0.10719888247438734], [-0.08708870641240371, 0.7708976979342911, -0.6309772551645779], [0.06715306676056607, 0.6364859484414666, 0.7683593580228054]], "fy": 4528.0745533801455, "fx": 4528.597703297461}, {"id": 100, "img_name": "_DSC9310", "width": 4978, "height": 3300, "position": [-0.49844687233296436, 0.9546084726743174, -2.7926810285490706], "rotation": [[0.9404703449888161, -0.023258457913909777, 0.33907900898180693],